A1 A2 A3 A4 B1 B2 B3 B4 C1 C2 C3 C4 D1 D2 D3 D4 E1 E2 E3 E4 F1 F2 F3 F4 
3.9927368 0.51220703 3.942566 0.85687256 3.7280273 3.7646484 0.5588379 3.2527466 0.711792 0.69451904 0.06976318 0.07733154 3.4448242 0.49591064 0.35021973 0.5684204 3.8683472 0.011413574 3.0220337 0.1618042 0.051635742 3.1087036 3.5523682 0.051818848 
3.9927368 0.51220703 3.942627 0.85687256 3.7279663 3.7647095 0.5588379 3.2527466 0.711792 0.6945801 0.06976318 0.07727051 3.4447021 0.49591064 0.35028076 0.5683594 3.8682861 0.011413574 3.0220337 0.16174316 0.051757812 3.1085815 3.5526733 0.052001953 
3.9927368 0.51220703 3.942627 0.85687256 3.7279663 3.7647095 0.5588379 3.2527466 0.71173096 0.6946411 0.06982422 0.07720947 3.444641 0.4958496 0.3503418 0.5682373 3.868164 0.011413574 3.0220337 0.16174316 0.051879883 3.1084595 3.5529175 0.052124023 
3.9927368 0.51220703 3.942688 0.85687256 3.7279053 3.7647705 0.5588379 3.2527466 0.7116699 0.69470215 0.069885254 0.07720947 3.44458 0.49578857 0.35040283 0.56817627 3.868103 0.011352539 3.0220337 0.16174316 0.052001953 3.1083374 3.5532227 0.052246094 
3.9927368 0.51220703 3.942688 0.85687256 3.7279053 3.7647705 0.5588379 3.2527466 0.7116089 0.6947632 0.06994629 0.07714844 3.444519 0.49578857 0.35046387 0.56811523 3.868103 0.011352539 3.0220337 0.16174316 0.052124023 3.1082764 3.5534668 0.052368164 
3.9927368 0.51226807 3.942688 0.85687256 3.7279053 3.7648315 0.5588989 3.2528076 0.71154785 0.6948242 0.070007324 0.07714844 3.444397 0.49572754 0.3505249 0.5680542 3.868103 0.011352539 3.0220337 0.16168213 0.05218506 3.1081543 3.553711 0.052490234 
3.9927368 0.51226807 3.942749 0.85687256 3.7278442 3.7648315 0.5588989 3.2528076 0.7114868 0.6948242 0.07006836 0.07714844 3.444336 0.4956665 0.35058594 0.56799316 3.868042 0.011352539 3.0220337 0.16168213 0.05230713 3.1080322 3.554016 0.05267334 
3.9927368 0.51226807 3.942749 0.85687256 3.7278442 3.7648926 0.55895996 3.2528076 0.7114868 0.69488525 0.070129395 0.0770874 3.444275 0.49560547 0.35058594 0.5679321 3.867981 0.011352539 3.0220947 0.16168213 0.052368164 3.1078491 3.5542603 0.05279541 
3.9927368 0.51226807 3.942749 0.85687256 3.7278442 3.7649536 0.55895996 3.2528076 0.7114258 0.6949463 0.07019043 0.0770874 3.4441528 0.49554443 0.35064697 0.5678711 3.86792 0.011352539 3.0220947 0.16168213 0.052490234 3.107788 3.5545654 0.05291748 
3.9927368 0.51226807 3.94281 0.85687256 3.7277832 3.7650146 0.55895996 3.2528076 0.71136475 0.6949463 0.070251465 0.07702637 3.4440918 0.49554443 0.350708 0.567749 3.867859 0.011352539 3.0220947 0.16168213 0.052612305 3.107666 3.5548096 0.05303955 
3.9927368 0.51226807 3.94281 0.85687256 3.7277222 3.7650146 0.55895996 3.2528076 0.7113037 0.6950073 0.0703125 0.07702637 3.4440308 0.4954834 0.35076904 0.567688 3.8677368 0.011291504 3.0220947 0.1616211 0.052734375 3.107544 3.5551147 0.05316162 
3.9927368 0.51226807 3.94281 0.85687256 3.7277222 3.7650757 0.55895996 3.2528076 0.7113037 0.69506836 0.070373535 0.07696533 3.4439697 0.49542236 0.35083008 0.56762695 3.8677368 0.011291504 3.0220947 0.1616211 0.052856445 3.1074219 3.555359 0.05328369 
3.9927368 0.51226807 3.942871 0.85687256 3.7276611 3.7651367 0.55895996 3.2528076 0.7112427 0.6951294 0.07043457 0.07696533 3.4438477 0.49542236 0.3508911 0.5675659 3.8676758 0.011291504 3.0220947 0.1616211 0.05291748 3.1072998 3.555603 0.05340576 
3.9927368 0.51226807 3.942871 0.85687256 3.7276611 3.7651978 0.55895996 3.2528076 0.71118164 0.6951904 0.070495605 0.0769043 3.4437866 0.49536133 0.35095215 0.5675049 3.8676758 0.011291504 3.0220947 0.1616211 0.05303955 3.1071777 3.5559082 0.053527832 
3.9927368 0.51226807 3.942871 0.85687256 3.7276 3.7652588 0.55895996 3.2528076 0.7111206 0.69525146 0.070495605 0.0769043 3.4437256 0.4953003 0.35101318 0.56744385 3.8676147 0.011291504 3.0220947 0.16156006 0.053100586 3.1070557 3.5561523 0.053710938 
3.9927368 0.51226807 3.9429321 0.85687256 3.7276 3.7652588 0.559021 3.2528687 0.7110596 0.69525146 0.07055664 0.0769043 3.4436646 0.49523926 0.35107422 0.5673218 3.8675537 0.011291504 3.0220947 0.16156006 0.053222656 3.1069336 3.5564575 0.053833008 
3.9927368 0.51226807 3.9430542 0.85687256 3.727356 3.765625 0.55908203 3.2528687 0.7107544 0.69555664 0.07098389 0.076660156 3.4430542 0.49487305 0.35150146 0.56677246 3.8672485 0.011169434 3.0221558 0.16149902 0.053955078 3.105957 3.5585938 0.054748535 
3.9927368 0.51226807 3.9431152 0.85687256 3.727295 3.765625 0.55908203 3.2528687 0.71069336 0.6956177 0.07104492 0.076660156 3.4429321 0.494812 0.3515625 0.5667114 3.8671875 0.011169434 3.0221558 0.16149902 0.05407715 3.105835 3.558838 0.054870605 
3.9927368 0.51226807 3.9431152 0.85687256 3.727295 3.765686 0.55914307 3.2529297 0.7106323 0.6956787 0.07110596 0.07659912 3.442871 0.494812 0.35162354 0.5666504 3.8671265 0.011169434 3.0221558 0.16149902 0.054138184 3.105713 3.559143 0.054992676 
3.9926758 0.51226807 3.9431152 0.85687256 3.727234 3.765747 0.55914307 3.2529297 0.7105713 0.69573975 0.07116699 0.07659912 3.44281 0.49475098 0.35168457 0.56658936 3.8670654 0.011169434 3.0221558 0.16143799 0.054870605 3.1047363 3.5612793 0.055786133 
3.9926758 0.5123291 3.9432373 0.85687256 3.7270508 3.7660522 0.55926514 3.2529907 0.7102661 0.6960449 0.07159424 0.076416016 3.4421997 0.49432373 0.35217285 0.56604004 3.8666992 0.011108398 3.0221558 0.16137695 0.05493164 3.1046143 3.5615234 0.055908203 
3.9926758 0.5123291 3.9432373 0.85687256 3.7269897 3.7661133 0.55926514 3.2529907 0.7102051 0.69610596 0.07165527 0.076416016 3.4421387 0.4942627 0.3522339 0.565979 3.8666992 0.011108398 3.0221558 0.16137695 0.05505371 3.1044922 3.5618286 0.056030273 
3.9926758 0.5123291 3.9432983 0.8568115 3.7269897 3.7661743 0.5593262 3.2529907 0.7102051 0.69610596 0.07165527 0.07635498 3.4420166 0.49420166 0.35229492 0.56591797 3.8666382 0.011108398 3.0222168 0.16137695 0.055114746 3.10437 3.5620728 0.05609131 
3.9926147 0.5123291 3.9432983 0.8568115 3.7269897 3.7661743 0.5593262 3.2530518 0.71014404 0.696167 0.07171631 0.07635498 3.4419556 0.49414062 0.35235596 0.56585693 3.8665771 0.011108398 3.0222168 0.16131592 0.05517578 3.104248 3.562317 0.05621338 
3.9926147 0.5123291 3.9432983 0.8568115 3.7269287 3.7662354 0.5593262 3.2530518 0.710083 0.696167 0.071777344 0.07635498 3.4418945 0.49414062 0.352417 0.56573486 3.8665771 0.011108398 3.0222168 0.16131592 0.05529785 3.104126 3.562622 0.05633545 
3.9926147 0.5123291 3.9433594 0.8568115 3.7268677 3.7662354 0.5593872 3.2530518 0.710083 0.696228 0.07183838 0.076293945 3.4418335 0.4940796 0.35247803 0.5656738 3.866516 0.011047363 3.0222168 0.16131592 0.055358887 3.104004 3.5628662 0.056396484 
3.9926147 0.5123291 3.9433594 0.8568115 3.7268677 3.7662964 0.5593872 3.2530518 0.710022 0.696228 0.071899414 0.076293945 3.4417114 0.49401855 0.35253906 0.5656128 3.866455 0.011047363 3.0222168 0.16131592 0.055480957 3.1039429 3.5631714 0.056518555 
3.9926147 0.5123291 3.9433594 0.8568115 3.7268677 3.7663574 0.5593872 3.2530518 0.710022 0.69628906 0.071899414 0.076293945 3.4416504 0.49395752 0.3526001 0.56555176 3.866394 0.011047363 3.0222168 0.16131592 0.055541992 3.1038208 3.5634155 0.056640625 
3.9926147 0.5123291 3.9433594 0.8568115 3.7268066 3.7663574 0.5593872 3.2530518 0.70996094 0.69628906 0.07196045 0.076293945 3.4415894 0.49395752 0.35266113 0.5654907 3.866333 0.011047363 3.0222168 0.16131592 0.055664062 3.1036987 3.5637207 0.05670166 
3.9926147 0.51239014 3.9434204 0.8568115 3.7267456 3.7664185 0.5593872 3.2530518 0.7098999 0.6963501 0.072021484 0.07623291 3.4415283 0.49389648 0.35272217 0.5654297 3.866333 0.011047363 3.0222168 0.16131592 0.055786133 3.1035767 3.5639648 0.05682373 
3.9926147 0.51239014 3.9434204 0.8568115 3.7267456 3.7664795 0.55944824 3.2531128 0.7098999 0.69641113 0.07208252 0.07623291 3.4414673 0.49383545 0.35284424 0.56536865 3.866272 0.011047363 3.0222168 0.16131592 0.055847168 3.1034546 3.56427 0.0569458 
3.9926147 0.5124512 3.9434204 0.8568115 3.7267456 3.7664795 0.5595093 3.2531128 0.70983887 0.69647217 0.072143555 0.076171875 3.4413452 0.4937744 0.35284424 0.5652466 3.866211 0.011047363 3.0222168 0.16125488 0.055786133 3.1032715 3.5645142 0.056884766 
3.9926147 0.51239014 3.9434814 0.8568115 3.7266235 3.7664795 0.55944824 3.2531128 0.70977783 0.69647217 0.07220459 0.076171875 3.4412231 0.4937744 0.35284424 0.56518555 3.866333 0.011047363 3.0222168 0.16125488 0.055786133 3.1031494 3.5647583 0.057006836 
3.9926147 0.5123291 3.9434814 0.85687256 3.7265625 3.7665405 0.5593872 3.2531128 0.70977783 0.69647217 0.072265625 0.076171875 3.441162 0.49365234 0.3529663 0.5651245 3.866455 0.010986328 3.0222168 0.16131592 0.056030273 3.1030884 3.5650635 0.057128906 
3.9925537 0.5123291 3.9434814 0.85687256 3.7265625 3.7666626 0.5593872 3.2530518 0.7097168 0.6965332 0.072265625 0.076171875 3.441162 0.4935913 0.35308838 0.5651245 3.866394 0.011047363 3.0222168 0.16131592 0.05621338 3.1029663 3.5653076 0.05731201 
3.9925537 0.51239014 3.9434814 0.8568115 3.7265625 3.7667236 0.55944824 3.2530518 0.7097168 0.69659424 0.07232666 0.07611084 3.441101 0.4935913 0.3531494 0.56500244 3.86615 0.010986328 3.0222168 0.16125488 0.05621338 3.1028442 3.5656128 0.057373047 
3.9925537 0.5124512 3.9434814 0.8568115 3.7265625 3.7667847 0.5595093 3.2531128 0.70965576 0.69659424 0.072387695 0.07611084 3.440979 0.49353027 0.35308838 0.5649414 3.8659668 0.010986328 3.0222778 0.16125488 0.05621338 3.1027222 3.565857 0.057373047 
3.9926147 0.5124512 3.9435425 0.8567505 3.7265625 3.7667236 0.5595093 3.2531738 0.7095947 0.6966553 0.07244873 0.07611084 3.440857 0.49353027 0.3531494 0.56481934 3.8659668 0.010986328 3.0222778 0.16119385 0.05633545 3.1026 3.566101 0.057495117 
3.9925537 0.5124512 3.9435425 0.8568115 3.7265015 3.7667236 0.5595093 3.2531738 0.7095947 0.6966553 0.07244873 0.07611084 3.440857 0.49346924 0.35327148 0.5647583 3.8660278 0.010986328 3.0222778 0.16125488 0.056518555 3.102478 3.5664062 0.057678223 
3.9925537 0.5124512 3.9435425 0.8568115 3.7264404 3.7667236 0.5595093 3.2531738 0.7095337 0.6967163 0.072509766 0.07611084 3.440796 0.4934082 0.35339355 0.5647583 3.8660889 0.010986328 3.0222168 0.16125488 0.05657959 3.102356 3.5666504 0.057739258 
3.9925537 0.5124512 3.9436035 0.8568115 3.7263794 3.7667847 0.5595093 3.2531738 0.70947266 0.69677734 0.0725708 0.076049805 3.4406738 0.49334717 0.35339355 0.56463623 3.8660889 0.010986328 3.0222778 0.16125488 0.05657959 3.102234 3.5669556 0.057800293 
3.9925537 0.5124512 3.9436035 0.8568115 3.7263794 3.7669067 0.5595703 3.2531738 0.70947266 0.69677734 0.072631836 0.076049805 3.4405518 0.49328613 0.35339355 0.5645752 3.8660278 0.010925293 3.0222778 0.16119385 0.056640625 3.1021118 3.5671997 0.057861328 
3.9925537 0.5124512 3.9436035 0.8568115 3.7263794 3.7669678 0.5595703 3.2531738 0.7094116 0.6968384 0.072631836 0.076049805 3.4404907 0.49328613 0.3534546 0.56451416 3.8659058 0.010925293 3.0222778 0.16119385 0.056762695 3.1019897 3.567505 0.057922363 
3.9924927 0.5124512 3.9437866 0.8568115 3.7260132 3.767334 0.5596924 3.253296 0.7090454 0.69714355 0.07312012 0.0758667 3.4396973 0.49279785 0.35406494 0.56378174 3.8655396 0.010864258 3.0222778 0.16107178 0.057434082 3.100769 3.5701904 0.05871582 
3.9924927 0.5124512 3.9437866 0.8568115 3.7260132 3.767334 0.5596924 3.253296 0.7090454 0.6972046 0.07318115 0.0758667 3.4396362 0.49273682 0.35412598 0.5637207 3.8655396 0.010864258 3.0222778 0.16107178 0.057495117 3.100647 3.5704346 0.058776855 
3.9924927 0.5124512 3.9437866 0.8568115 3.7259521 3.767395 0.5596924 3.253296 0.7089844 0.6972046 0.07318115 0.0758667 3.4395752 0.49267578 0.354187 0.56365967 3.8656006 0.010864258 3.0222778 0.16107178 0.057617188 3.100525 3.5707397 0.05883789 
3.9924316 0.5124512 3.9439697 0.8568115 3.725647 3.7677612 0.5598755 3.253418 0.7086792 0.69750977 0.0736084 0.07574463 3.4388428 0.4921875 0.35479736 0.56292725 3.8652344 0.010803223 3.0223389 0.16101074 0.058288574 3.0993652 3.5734253 0.059570312 
3.9924316 0.5124512 3.9439697 0.8568115 3.725586 3.7677612 0.5598755 3.253418 0.70861816 0.6975708 0.07366943 0.07574463 3.4387207 0.4921875 0.3548584 0.5628662 3.8652344 0.010803223 3.0223389 0.16101074 0.058288574 3.0992432 3.5736694 0.059631348 
3.9924316 0.5124512 3.9439697 0.8568115 3.725586 3.7678223 0.5598755 3.253418 0.70861816 0.6975708 0.07366943 0.07574463 3.4386597 0.49212646 0.35491943 0.56274414 3.8651733 0.010803223 3.0223389 0.16101074 0.058410645 3.099121 3.5739746 0.059692383 
3.9924316 0.5124512 3.9439697 0.8568115 3.725525 3.7678833 0.5598755 3.253479 0.7085571 0.69763184 0.07373047 0.07574463 3.4385986 0.49206543 0.35498047 0.5626831 3.8651123 0.0107421875 3.0223389 0.1609497 0.05847168 3.098999 3.5742188 0.059753418 
3.9924316 0.5124512 3.9440308 0.8568115 3.725525 3.7678833 0.5599365 3.253479 0.7085571 0.69763184 0.07373047 0.075683594 3.4385376 0.4920044 0.3550415 0.5626221 3.8651123 0.0107421875 3.0223389 0.1609497 0.058532715 3.098877 3.574524 0.059814453 
3.9924316 0.5124512 3.9440308 0.8568115 3.7254639 3.7679443 0.5599365 3.253479 0.7084961 0.6976929 0.073791504 0.075683594 3.4384766 0.4920044 0.35510254 0.56256104 3.8651123 0.0107421875 3.0223389 0.1609497 0.05859375 3.098755 3.574768 0.05987549 
3.9924316 0.5125122 3.9440308 0.8568115 3.7254639 3.7680054 0.5599365 3.253479 0.7084961 0.6976929 0.07385254 0.075683594 3.4383545 0.49194336 0.35516357 0.5625 3.8650513 0.0107421875 3.0223389 0.1609497 0.058654785 3.0986328 3.5750122 0.05999756 
3.9924316 0.5125122 3.9440918 0.8568115 3.7254028 3.7680054 0.55999756 3.253479 0.70843506 0.6976929 0.073913574 0.075683594 3.4382935 0.49188232 0.3552246 0.56243896 3.8649902 0.0107421875 3.0223389 0.1609497 0.05871582 3.0985107 3.5753174 0.060058594 
3.9924316 0.5125122 3.9440918 0.8568115 3.7254028 3.7680054 0.55999756 3.25354 0.70843506 0.6977539 0.073913574 0.075683594 3.4381714 0.4918213 0.3552246 0.5623779 3.8649902 0.0107421875 3.0223389 0.1609497 0.058776855 3.0983887 3.5755615 0.06011963 
3.9923706 0.5124512 3.9440918 0.8568115 3.7253418 3.7680664 0.55999756 3.25354 0.708374 0.6977539 0.07397461 0.075683594 3.4381104 0.49176025 0.35534668 0.56225586 3.8649902 0.0107421875 3.0223389 0.1609497 0.05883789 3.0982666 3.5758667 0.060180664 
3.9923706 0.5124512 3.9440918 0.8568115 3.7253418 3.7681274 0.55999756 3.25354 0.708374 0.69781494 0.074035645 0.075683594 3.4380493 0.49169922 0.3554077 0.5621948 3.8649292 0.0107421875 3.0223389 0.1609497 0.058898926 3.0981445 3.5761108 0.060180664 
3.9923706 0.5124512 3.9440918 0.8568115 3.7252808 3.7681885 0.55999756 3.25354 0.708313 0.69781494 0.074035645 0.075683594 3.4379883 0.49169922 0.35546875 0.5621338 3.8649292 0.0107421875 3.0223389 0.16088867 0.05895996 3.0980225 3.576416 0.0602417 
3.9923706 0.5124512 3.9440918 0.8568115 3.7252197 3.7681885 0.5600586 3.25354 0.708313 0.697876 0.07409668 0.075683594 3.4379272 0.49163818 0.3555298 0.56207275 3.8649292 0.0107421875 3.0223389 0.16088867 0.059020996 3.0979004 3.5766602 0.060302734 
3.9923706 0.5124512 3.9440918 0.8568115 3.7252197 3.7682495 0.5600586 3.25354 0.70825195 0.697876 0.074157715 0.07562256 3.4378052 0.49157715 0.35559082 0.5620117 3.8648682 0.0107421875 3.0223389 0.16088867 0.05908203 3.0978394 3.5769043 0.06036377 
3.9923706 0.5124512 3.9441528 0.8568115 3.7251587 3.7682495 0.5600586 3.253601 0.70825195 0.697876 0.074157715 0.07562256 3.4377441 0.4915161 0.35565186 0.56188965 3.8648682 0.0107421875 3.0223389 0.16088867 0.059143066 3.0977173 3.5772095 0.060424805 
3.9923096 0.5124512 3.9441528 0.8568115 3.7251587 3.7683105 0.5600586 3.253601 0.7081909 0.697937 0.07421875 0.07562256 3.437683 0.4915161 0.3557129 0.5618286 3.8648682 0.0107421875 3.0223389 0.16088867 0.0592041 3.0975952 3.5774536 0.06048584 
3.9923096 0.5125122 3.9441528 0.8568115 3.7250977 3.7683105 0.5601196 3.253601 0.7081909 0.697937 0.074279785 0.07562256 3.437622 0.49145508 0.35577393 0.5617676 3.8648071 0.010681152 3.0223389 0.16088867 0.059265137 3.0974731 3.5776978 0.06048584 
3.9923096 0.5125122 3.9442139 0.8568115 3.7250977 3.7684326 0.56018066 3.253662 0.7081299 0.69799805 0.07434082 0.07562256 3.437439 0.491333 0.355896 0.5616455 3.8642578 0.010620117 3.0224 0.16070557 0.059387207 3.097229 3.578247 0.06060791 
3.9920044 0.51257324 3.94458 0.8567505 3.723816 3.7696533 0.5605469 3.2540283 0.7072754 0.69873047 0.075683594 0.07550049 3.4348755 0.48962402 0.35821533 0.559021 3.8640747 0.010559082 3.022461 0.16070557 0.061340332 3.0930176 3.5878906 0.06225586 
3.9920044 0.51257324 3.944641 0.8567505 3.723755 3.7696533 0.5606079 3.2540283 0.70721436 0.6987915 0.075683594 0.07550049 3.4347534 0.489563 0.35827637 0.55895996 3.8640137 0.010559082 3.022461 0.16070557 0.061340332 3.0928955 3.5881958 0.062316895 
3.9919434 0.51257324 3.9447632 0.8567505 3.7234497 3.7699585 0.56073 3.2541504 0.70703125 0.6989746 0.076049805 0.07550049 3.434143 0.48919678 0.35882568 0.5582886 3.8638916 0.010559082 3.022461 0.16070557 0.061767578 3.091858 3.5905762 0.06262207 
3.9919434 0.5126343 3.9447632 0.8567505 3.7233887 3.7700195 0.56073 3.2542114 0.70703125 0.6989746 0.076049805 0.07550049 3.434021 0.48913574 0.35888672 0.55822754 3.8638916 0.010498047 3.022461 0.16064453 0.061828613 3.0917358 3.5908813 0.06262207 
3.9919434 0.5126343 3.9447632 0.8567505 3.7233887 3.7700195 0.56073 3.2542114 0.7069702 0.6989746 0.07611084 0.07550049 3.43396 0.4890747 0.35894775 0.55810547 3.8638306 0.010498047 3.022461 0.16064453 0.06188965 3.0916138 3.5911255 0.062683105 
3.9919434 0.5126343 3.9447632 0.8567505 3.7233276 3.7700806 0.56073 3.2542114 0.7069702 0.6989746 0.07611084 0.07550049 3.433899 0.48901367 0.3590088 0.55804443 3.8638306 0.010498047 3.022461 0.16064453 0.06188965 3.0914917 3.5914307 0.06274414 
3.9919434 0.5126343 3.9448242 0.8567505 3.7233276 3.7700806 0.560791 3.2542725 0.7069702 0.69903564 0.076171875 0.07550049 3.4337769 0.48895264 0.3590088 0.5579834 3.8638306 0.010498047 3.022461 0.16064453 0.061950684 3.0913696 3.5916748 0.06274414 
3.9918823 0.5126343 3.9448242 0.8567505 3.7232666 3.7700806 0.560791 3.2542725 0.7069092 0.69903564 0.076171875 0.07550049 3.4337158 0.48895264 0.35906982 0.55792236 3.8638306 0.010498047 3.022461 0.16064453 0.06201172 3.0912476 3.591919 0.062805176 
3.9918823 0.51257324 3.9448242 0.8567505 3.7232056 3.7701416 0.560791 3.2542725 0.7069092 0.69903564 0.07623291 0.07550049 3.4336548 0.4888916 0.3591919 0.5578613 3.8638306 0.010498047 3.022461 0.16064453 0.06201172 3.0911865 3.5922241 0.062805176 
3.9918823 0.5126343 3.9448242 0.8567505 3.7232056 3.7702026 0.560791 3.2542725 0.7069092 0.6990967 0.07623291 0.07550049 3.4335938 0.48883057 0.35925293 0.5578003 3.8638306 0.010498047 3.022461 0.16064453 0.062072754 3.0910645 3.5924683 0.06286621 
3.9918823 0.51257324 3.9448242 0.8567505 3.7231445 3.7702637 0.560791 3.2542725 0.70684814 0.6990967 0.076293945 0.07550049 3.4335327 0.48876953 0.35925293 0.5576782 3.8638306 0.010498047 3.022461 0.16064453 0.06213379 3.0909424 3.5927734 0.06286621 
3.9918823 0.51257324 3.9448242 0.8567505 3.7231445 3.7703247 0.560791 3.2542725 0.70684814 0.6990967 0.076293945 0.07550049 3.4334106 0.48876953 0.359375 0.5576172 3.8637695 0.010498047 3.022461 0.1605835 0.062194824 3.0908203 3.5930176 0.062927246 
3.9918823 0.51257324 3.9448242 0.8567505 3.7230835 3.7703247 0.56085205 3.2542725 0.70684814 0.6990967 0.07635498 0.07550049 3.4333496 0.4887085 0.35943604 0.55755615 3.8637695 0.010498047 3.022461 0.1605835 0.062194824 3.0906982 3.5932617 0.062927246 
3.9918823 0.51257324 3.9448242 0.8567505 3.7230835 3.7703857 0.56085205 3.2542725 0.7067871 0.6991577 0.07635498 0.07556152 3.4332886 0.48864746 0.35949707 0.5574951 3.8637695 0.010498047 3.022461 0.1605835 0.06225586 3.0905762 3.593567 0.06298828 
3.9918213 0.51257324 3.9448242 0.8567505 3.7230225 3.7703857 0.56085205 3.2543335 0.7067871 0.6991577 0.076416016 0.07556152 3.4332275 0.48858643 0.3595581 0.55737305 3.8637085 0.010498047 3.022461 0.1605835 0.062316895 3.090454 3.593811 0.06298828 
3.9918213 0.5126343 3.9448242 0.8567505 3.7229614 3.7703857 0.56085205 3.2543335 0.7067261 0.6991577 0.07647705 0.07556152 3.4331665 0.48858643 0.35961914 0.557312 3.8637085 0.010498047 3.022461 0.1605835 0.062316895 3.090332 3.5941162 0.06304932 
3.9918213 0.5126343 3.9448853 0.8567505 3.7229614 3.7704468 0.5609131 3.2543335 0.7067261 0.69921875 0.07647705 0.07556152 3.4330444 0.4885254 0.35968018 0.557251 3.8637085 0.010498047 3.022461 0.1605835 0.06237793 3.09021 3.5943604 0.06304932 
3.9918213 0.5126343 3.9448853 0.8567505 3.7229614 3.7705078 0.5609131 3.2543335 0.7067261 0.69921875 0.076538086 0.07556152 3.4329834 0.48846436 0.3597412 0.55718994 3.8637085 0.010437012 3.022461 0.1605835 0.062438965 3.090149 3.5946045 0.06311035 
3.9918213 0.5126343 3.9448853 0.8567505 3.7229004 3.7705078 0.5609131 3.2543335 0.70666504 0.69921875 0.076538086 0.07556152 3.4329224 0.48840332 0.35980225 0.5571289 3.8637085 0.010437012 3.022461 0.16052246 0.0625 3.0900269 3.5949097 0.06311035 
3.9918213 0.5126343 3.9448853 0.8567505 3.7228394 3.7705688 0.5609131 3.2543945 0.70666504 0.6992798 0.07659912 0.07556152 3.4328613 0.48840332 0.35986328 0.55700684 3.8636475 0.010437012 3.022461 0.16052246 0.0625 3.0899048 3.5951538 0.06317139 
3.9918213 0.5126343 3.9448853 0.8567505 3.7228394 3.7705688 0.5609131 3.2543945 0.70666504 0.6992798 0.07659912 0.07556152 3.4328003 0.4883423 0.35992432 0.5569458 3.8636475 0.010437012 3.022461 0.16052246 0.062561035 3.0897827 3.595459 0.06317139 
3.9918213 0.5126343 3.9448853 0.8567505 3.7227783 3.77063 0.5609131 3.2543945 0.70666504 0.6992798 0.076660156 0.07556152 3.4326782 0.48828125 0.35998535 0.55688477 3.8636475 0.010437012 3.022461 0.16052246 0.06262207 3.0896606 3.5957031 0.06323242 
3.9917603 0.5126343 3.9448853 0.8567505 3.7227173 3.77063 0.5609131 3.2543945 0.706604 0.6992798 0.07672119 0.07556152 3.4326172 0.4882202 0.3600464 0.55682373 3.8636475 0.010437012 3.022461 0.16052246 0.06262207 3.0895386 3.5959473 0.06323242 
3.9917603 0.5126343 3.9448853 0.8567505 3.7227173 3.770691 0.5609131 3.2543945 0.706604 0.6993408 0.07672119 0.07556152 3.4325562 0.48815918 0.36010742 0.5567627 3.8635864 0.010437012 3.022461 0.16052246 0.062683105 3.0894165 3.5962524 0.06329346 
3.9917603 0.5126343 3.9449463 0.8567505 3.7226562 3.770691 0.5609741 3.2543945 0.706604 0.6993408 0.07678223 0.07556152 3.432495 0.48815918 0.36016846 0.5566406 3.8635864 0.010437012 3.022461 0.16052246 0.06274414 3.0893555 3.5964966 0.06329346 
3.9917603 0.5126343 3.9449463 0.8567505 3.722412 3.770935 0.56103516 3.2545166 0.70648193 0.69940186 0.07702637 0.07556152 3.4318848 0.48779297 0.3605957 0.5560913 3.8634644 0.010437012 3.022461 0.16046143 0.06304932 3.08844 3.5986328 0.06347656 
3.9916992 0.5126343 3.9450073 0.8567505 3.722351 3.770996 0.56103516 3.2545166 0.7064209 0.6994629 0.07702637 0.07556152 3.4318237 0.48773193 0.36065674 0.5560303 3.8634644 0.010437012 3.022461 0.16046143 0.06311035 3.0883179 3.598938 0.0635376 
3.9916992 0.5126343 3.9450073 0.8567505 3.722351 3.7710571 0.5610962 3.2545166 0.7064209 0.6994629 0.0770874 0.07556152 3.4317627 0.4876709 0.36071777 0.5559082 3.8634033 0.010375977 3.022461 0.16046143 0.06317139 3.0881958 3.5991821 0.0635376 
3.9916382 0.5126343 3.9450073 0.8567505 3.72229 3.7710571 0.5610962 3.2545776 0.70635986 0.6994629 0.0770874 0.07556152 3.4313965 0.48742676 0.36102295 0.555542 3.8634033 0.010375977 3.022461 0.16046143 0.06335449 3.0875854 3.600525 0.06365967 
3.9915771 0.5126343 3.9451294 0.8567505 3.7219849 3.7713013 0.5611572 3.2546387 0.7062988 0.6995239 0.07733154 0.07562256 3.4310913 0.48724365 0.3612671 0.5552368 3.8632812 0.010375977 3.022522 0.16046143 0.0635376 3.0871582 3.6016235 0.0637207 
3.9915771 0.5126343 3.9451294 0.8567505 3.7219849 3.7713623 0.5611572 3.2546387 0.7062378 0.69958496 0.07739258 0.07562256 3.4309692 0.48718262 0.36132812 0.5551758 3.8632812 0.010375977 3.022522 0.16046143 0.0635376 3.0870361 3.6019287 0.0637207 
3.9915771 0.5126343 3.9451294 0.8567505 3.7219238 3.7713623 0.5611572 3.2546997 0.7062378 0.69958496 0.07739258 0.07562256 3.4309082 0.48712158 0.36138916 0.55511475 3.8632812 0.010375977 3.022522 0.16046143 0.06359863 3.086914 3.6021729 0.06378174 
3.9915771 0.5126343 3.9451904 0.8567505 3.7219238 3.7713623 0.56121826 3.2546997 0.7062378 0.69958496 0.07745361 0.07562256 3.4308472 0.48712158 0.3614502 0.5550537 3.8632812 0.010375977 3.022522 0.16040039 0.06365967 3.086792 3.602478 0.06378174 
3.9915771 0.5126343 3.9451904 0.8567505 3.7218628 3.7714233 0.56121826 3.2546997 0.7062378 0.69958496 0.07745361 0.07562256 3.4307861 0.48706055 0.36151123 0.5549927 3.8632812 0.010375977 3.022522 0.16040039 0.06365967 3.08667 3.6027222 0.06378174 
3.9915771 0.5126343 3.9451904 0.8567505 3.7218018 3.7714844 0.56121826 3.2546997 0.7062378 0.69958496 0.07751465 0.07562256 3.430725 0.4869995 0.36157227 0.55493164 3.8632812 0.010375977 3.022461 0.16040039 0.0637207 3.086609 3.6029663 0.06378174 
3.9915771 0.5126343 3.9451904 0.8567505 3.7218018 3.7714844 0.5612793 3.2546997 0.70617676 0.69958496 0.07751465 0.07562256 3.430603 0.48693848 0.3616333 0.5548096 3.8632812 0.010375977 3.022461 0.16040039 0.06378174 3.0864868 3.6032715 0.06384277 
3.9915771 0.5126343 3.9451904 0.8567505 3.7217407 3.7715454 0.5612793 3.2546997 0.70617676 0.699646 0.07757568 0.07562256 3.430542 0.48687744 0.36169434 0.55474854 3.8632202 0.010375977 3.022522 0.16040039 0.06378174 3.0863647 3.6035156 0.06384277 
3.9915771 0.5126343 3.9451904 0.8567505 3.7217407 3.7716064 0.5612793 3.2547607 0.70617676 0.699646 0.07757568 0.075683594 3.430481 0.48687744 0.36175537 0.5546875 3.8632202 0.010375977 3.022522 0.16040039 0.06384277 3.0862427 3.6038208 0.06384277 
3.991516 0.5126343 3.9451904 0.8567505 3.7216797 3.7716064 0.5612793 3.2547607 0.70617676 0.699646 0.07757568 0.075683594 3.43042 0.4868164 0.3618164 0.55462646 3.8632202 0.010375977 3.022522 0.16040039 0.06390381 3.0861206 3.604065 0.06384277 
3.991516 0.5126343 3.9451904 0.8567505 3.7216187 3.7716675 0.5612793 3.2547607 0.7061157 0.699646 0.07763672 0.075683594 3.430359 0.48675537 0.36187744 0.5545654 3.8632812 0.010375977 3.022522 0.16040039 0.06390381 3.0859985 3.60437 0.06384277 
3.991516 0.5126343 3.9451904 0.8567505 3.7216187 3.7716675 0.5612793 3.2547607 0.7061157 0.699646 0.077697754 0.075683594 3.4302368 0.48669434 0.36193848 0.5545044 3.8632812 0.010375977 3.022461 0.16040039 0.063964844 3.0858765 3.6046143 0.06384277 
3.991516 0.5126343 3.9451904 0.8567505 3.7215576 3.7716675 0.5612793 3.2548218 0.7061157 0.69970703 0.077697754 0.075683594 3.4301758 0.48669434 0.3619995 0.5543823 3.8632812 0.010375977 3.022522 0.16040039 0.063964844 3.0857544 3.6049194 0.06390381 
3.991516 0.5126343 3.9452515 0.8567505 3.7215576 3.7716675 0.56134033 3.2548218 0.7061157 0.69970703 0.077697754 0.075683594 3.4301147 0.4866333 0.36206055 0.5543213 3.8632202 0.010375977 3.022522 0.16040039 0.06402588 3.0856934 3.6051636 0.06390381 
3.991455 0.5126343 3.9452515 0.8567505 3.7214966 3.7717285 0.56134033 3.2548218 0.7060547 0.69970703 0.07775879 0.075683594 3.4300537 0.48657227 0.36212158 0.55426025 3.8632202 0.010375977 3.022522 0.16040039 0.06402588 3.0855713 3.6054688 0.06390381 
3.991455 0.5126343 3.9452515 0.8567505 3.7214966 3.7717285 0.56134033 3.2548828 0.7060547 0.69970703 0.07775879 0.075683594 3.4299927 0.48651123 0.36218262 0.5541992 3.8632202 0.010375977 3.022522 0.16040039 0.064086914 3.0854492 3.605713 0.063964844 
3.991455 0.5126343 3.9452515 0.8567505 3.7214355 3.7717896 0.56140137 3.2548828 0.7060547 0.69970703 0.077819824 0.075683594 3.4298706 0.4864502 0.36224365 0.5541382 3.8631592 0.010375977 3.022522 0.16040039 0.06414795 3.0853271 3.605957 0.063964844 
3.991394 0.5126343 3.9452515 0.8568115 3.7213135 3.7719116 0.56140137 3.2548828 0.70599365 0.69976807 0.077941895 0.07574463 3.4296265 0.4862671 0.3624878 0.553833 3.8631592 0.010314941 3.022522 0.16040039 0.06427002 3.0849 3.6070557 0.06402588 
3.991394 0.5126343 3.9453125 0.8567505 3.7212524 3.7719727 0.56140137 3.2549438 0.70599365 0.69976807 0.077941895 0.07574463 3.4295654 0.48620605 0.36254883 0.553772 3.8631592 0.010314941 3.022522 0.16040039 0.064331055 3.0847778 3.6073608 0.06402588 
3.991394 0.5126343 3.9453125 0.8567505 3.7211914 3.7719727 0.5614624 3.2549438 0.70599365 0.69976807 0.07800293 0.07574463 3.4293823 0.48608398 0.3626709 0.5536499 3.862915 0.010253906 3.022522 0.16027832 0.06439209 3.0845337 3.6079102 0.064086914 
3.9910278 0.5126953 3.9456177 0.8567505 3.7199097 3.7730713 0.56188965 3.2554321 0.7055054 0.70007324 0.07910156 0.076171875 3.4267578 0.484375 0.36499023 0.5509033 3.862854 0.010253906 3.022522 0.16027832 0.06573486 3.0800781 3.6187134 0.06439209 
3.9910278 0.5126953 3.9456787 0.8567505 3.7196655 3.7732544 0.56207275 3.2556152 0.70544434 0.7001343 0.07922363 0.07623291 3.4262695 0.48406982 0.36541748 0.550354 3.862793 0.010192871 3.022522 0.16021729 0.06585693 3.0796509 3.619812 0.06439209 
3.9909668 0.5126953 3.9456787 0.8567505 3.7196045 3.7733154 0.56207275 3.2556152 0.70544434 0.7001343 0.07928467 0.07623291 3.4262085 0.4840088 0.36547852 0.55029297 3.862793 0.010192871 3.022522 0.16027832 0.06585693 3.0795288 3.6201172 0.06439209 
3.9909668 0.5126343 3.9456787 0.8568115 3.7195435 3.7733765 0.56207275 3.2556152 0.70544434 0.7001343 0.07928467 0.07623291 3.4261475 0.48394775 0.36553955 0.55023193 3.862793 0.010192871 3.022522 0.16027832 0.06585693 3.0794067 3.6203613 0.06439209 
3.9909668 0.5126343 3.9456787 0.8568115 3.7195435 3.7734375 0.56207275 3.2556152 0.70544434 0.7001343 0.07928467 0.07623291 3.4260254 0.48388672 0.3656006 0.5501709 3.862793 0.010192871 3.022522 0.16027832 0.06591797 3.0792847 3.6206665 0.06439209 
3.9909668 0.5126343 3.9456787 0.8568115 3.7194824 3.7734375 0.56207275 3.2556152 0.7053833 0.7001343 0.0793457 0.07623291 3.4259644 0.48388672 0.36566162 0.55010986 3.862793 0.010192871 3.022522 0.16027832 0.06591797 3.0792236 3.6209106 0.06439209 
3.9909058 0.5126343 3.9456787 0.8568115 3.7194214 3.7734375 0.56207275 3.2556152 0.7053833 0.7001343 0.0793457 0.07623291 3.4259033 0.48382568 0.36572266 0.5500488 3.862793 0.010192871 3.022522 0.16027832 0.065979004 3.0791016 3.6212158 0.064453125 
3.9909058 0.5126343 3.9456787 0.8567505 3.7193604 3.7734985 0.56207275 3.2556763 0.7053833 0.7001343 0.07940674 0.076293945 3.4258423 0.48376465 0.3657837 0.54992676 3.862793 0.010192871 3.022522 0.16027832 0.065979004 3.0789795 3.62146 0.064453125 
3.9909058 0.5126953 3.9457397 0.8567505 3.7193604 3.7734985 0.56207275 3.2556763 0.7053833 0.7001343 0.07940674 0.076293945 3.4257202 0.4837036 0.36584473 0.5498657 3.862732 0.010192871 3.022522 0.16021729 0.06604004 3.0788574 3.6217651 0.064453125 
3.9909058 0.5126953 3.9457397 0.8567505 3.7192993 3.7734985 0.5621338 3.2557373 0.7053833 0.7001343 0.07940674 0.076293945 3.4256592 0.48364258 0.36590576 0.5498047 3.862732 0.010192871 3.022522 0.16021729 0.06604004 3.0787354 3.6220093 0.064453125 
3.9909058 0.5126953 3.9457397 0.8567505 3.7192993 3.7734985 0.5621338 3.2557373 0.7053833 0.7001343 0.07946777 0.07635498 3.4255981 0.48364258 0.3659668 0.54974365 3.862732 0.010192871 3.022522 0.16021729 0.066101074 3.0786743 3.6222534 0.064453125 
3.9909058 0.5126953 3.9457397 0.8567505 3.7192383 3.7735596 0.5621948 3.2557373 0.7053833 0.7001343 0.07946777 0.07635498 3.425537 0.48358154 0.36602783 0.5496216 3.862732 0.010192871 3.022522 0.16021729 0.066101074 3.0785522 3.6225586 0.064453125 
3.9909058 0.5126953 3.9457397 0.8567505 3.7192383 3.7736206 0.5621338 3.2557373 0.70532227 0.7001953 0.07952881 0.07635498 3.425476 0.4835205 0.36608887 0.54956055 3.862732 0.010192871 3.022522 0.16021729 0.06616211 3.0784302 3.6228027 0.064453125 
3.9909058 0.5126953 3.9457397 0.8567505 3.7191772 3.7736816 0.5621948 3.2557373 0.70532227 0.7001953 0.07952881 0.07635498 3.425415 0.48345947 0.3661499 0.5494995 3.862732 0.010192871 3.022522 0.16021729 0.06616211 3.078308 3.623108 0.064453125 
3.9908447 0.5126953 3.9457397 0.8567505 3.7191162 3.7737427 0.5621948 3.2557373 0.70532227 0.7001953 0.079589844 0.07635498 3.425293 0.48339844 0.36621094 0.5494385 3.862732 0.010192871 3.022522 0.16021729 0.066223145 3.078247 3.623352 0.064453125 
3.9908447 0.5126953 3.9457397 0.8567505 3.7191162 3.7737427 0.5621948 3.2557373 0.70532227 0.7001953 0.079589844 0.07635498 3.425232 0.48339844 0.36627197 0.5493164 3.862732 0.010192871 3.022522 0.16021729 0.066223145 3.078125 3.6236572 0.064453125 
3.9908447 0.5126953 3.9458008 0.8567505 3.7190552 3.7737427 0.5621948 3.2557373 0.70532227 0.7001953 0.07965088 0.076416016 3.425171 0.4833374 0.366333 0.5492554 3.862671 0.010192871 3.022522 0.16015625 0.066223145 3.078003 3.6239014 0.064453125 
3.9908447 0.5126953 3.9458008 0.8567505 3.7189941 3.7738037 0.5621948 3.2557983 0.70532227 0.7001953 0.07965088 0.076416016 3.4251099 0.48327637 0.36639404 0.54919434 3.862671 0.010192871 3.022522 0.16015625 0.06628418 3.0778809 3.6242065 0.064453125 
3.9908447 0.5126953 3.9458008 0.8567505 3.7189941 3.7738037 0.5621948 3.2557983 0.70532227 0.7001953 0.07965088 0.076416016 3.4250488 0.48327637 0.36645508 0.5491333 3.862671 0.010192871 3.022522 0.16015625 0.066345215 3.0777588 3.6244507 0.06451416 
3.9908447 0.51275635 3.9458008 0.8567505 3.718933 3.7738037 0.56225586 3.2557983 0.70532227 0.7001953 0.079711914 0.076416016 3.4249878 0.48321533 0.3665161 0.54907227 3.862671 0.010192871 3.022522 0.16021729 0.066345215 3.0776978 3.6247559 0.064453125 
3.9908447 0.5126953 3.9458008 0.8567505 3.718933 3.7738647 0.56225586 3.2558594 0.70526123 0.7001953 0.079711914 0.076416016 3.4248657 0.4831543 0.36657715 0.5489502 3.862671 0.010192871 3.022522 0.16021729 0.06640625 3.0775757 3.625 0.064453125 
3.9907837 0.5126953 3.9458008 0.8567505 3.718872 3.7739258 0.56225586 3.2558594 0.70526123 0.7001953 0.07977295 0.076416016 3.4248047 0.48309326 0.36663818 0.54888916 3.862671 0.010192871 3.022522 0.16021729 0.06640625 3.0774536 3.6253052 0.064453125 
3.9907837 0.5126953 3.9458008 0.8567505 3.718872 3.7739258 0.56225586 3.2558594 0.70526123 0.7001953 0.07977295 0.076416016 3.4247437 0.48309326 0.36669922 0.5488281 3.862671 0.010192871 3.022522 0.16021729 0.066467285 3.0773315 3.6255493 0.064453125 
3.9907837 0.5126343 3.9458008 0.8568115 3.718811 3.7739868 0.5623169 3.2558594 0.70526123 0.7001953 0.079833984 0.07647705 3.4246826 0.48303223 0.36676025 0.5487671 3.862671 0.010192871 3.022522 0.16021729 0.066711426 3.076477 3.6277466 0.064453125 
3.9907227 0.5126953 3.9458618 0.8567505 3.7185059 3.774231 0.5623779 3.2559814 0.7052002 0.70025635 0.079956055 0.07659912 3.4240723 0.48266602 0.36724854 0.54815674 3.8626099 0.010192871 3.022522 0.16015625 0.066711426 3.076355 3.6279907 0.064453125 
3.9907227 0.5126953 3.9458618 0.8567505 3.7185059 3.774231 0.5623779 3.2559814 0.7052002 0.70025635 0.08001709 0.07659912 3.4240112 0.48260498 0.36730957 0.54803467 3.8626099 0.010192871 3.022522 0.16015625 0.06677246 3.076294 3.628296 0.064453125 
3.9907227 0.5126343 3.9458618 0.8568115 3.7184448 3.774292 0.5623779 3.2559814 0.7052002 0.70025635 0.08001709 0.07659912 3.4239502 0.48254395 0.3673706 0.54797363 3.8626099 0.010192871 3.022522 0.16021729 0.06677246 3.0761719 3.62854 0.064453125 
3.9906006 0.5126953 3.945984 0.8568115 3.7179565 3.7746582 0.5625 3.2561646 0.7050781 0.7003174 0.080322266 0.07672119 3.4230957 0.4819336 0.36810303 0.54711914 3.8625488 0.010192871 3.022522 0.16015625 0.06707764 3.0748901 3.631836 0.06439209 
3.9906006 0.5126953 3.945984 0.8567505 3.7178955 3.7746582 0.5625 3.2561646 0.7050781 0.7003174 0.0803833 0.07678223 3.4230347 0.48187256 0.36816406 0.5470581 3.8625488 0.010192871 3.022522 0.16015625 0.06713867 3.074768 3.632141 0.06439209 
3.9905396 0.5126953 3.945984 0.8567505 3.7178955 3.7746582 0.56256104 3.2562256 0.7050781 0.7003174 0.0803833 0.07678223 3.4229736 0.48187256 0.3682251 0.5469971 3.8625488 0.010192871 3.022522 0.16015625 0.06713867 3.074646 3.6323853 0.06439209 
3.9905396 0.5126953 3.945984 0.8567505 3.7178345 3.7746582 0.56256104 3.2562256 0.7050781 0.7003174 0.0803833 0.07678223 3.4228516 0.48181152 0.36828613 0.546875 3.8625488 0.010192871 3.022522 0.16015625 0.06713867 3.074524 3.6326294 0.06439209 
3.9905396 0.51275635 3.946045 0.8567505 3.7178345 3.7746582 0.5626221 3.2562866 0.7050781 0.7003174 0.080444336 0.07684326 3.4227905 0.4817505 0.36834717 0.54681396 3.8624878 0.010192871 3.022583 0.16015625 0.06719971 3.074463 3.6329346 0.06439209 
3.9905396 0.51275635 3.946045 0.8567505 3.7177734 3.7747192 0.5626221 3.2562866 0.7050781 0.7003174 0.080444336 0.07684326 3.4227295 0.48168945 0.3684082 0.5467529 3.8624878 0.010131836 3.022583 0.16015625 0.06719971 3.0743408 3.6331787 0.06439209 
3.9905396 0.5126953 3.946045 0.8567505 3.7177734 3.7747803 0.5626221 3.2562866 0.7050781 0.7003174 0.08050537 0.07684326 3.4226685 0.48168945 0.36846924 0.5466919 3.8624878 0.010131836 3.022583 0.16015625 0.06726074 3.0742188 3.633484 0.06439209 
3.9905396 0.5126953 3.946045 0.8567505 3.7177124 3.7747803 0.5626221 3.2562866 0.7050171 0.7003174 0.08050537 0.07684326 3.4226074 0.48162842 0.36853027 0.5465698 3.8624878 0.010131836 3.022583 0.16015625 0.06726074 3.0740967 3.633728 0.06439209 
3.9905396 0.5126343 3.946045 0.8568115 3.7176514 3.7748413 0.5626221 3.2562866 0.7050171 0.7003174 0.08050537 0.0769043 3.4225464 0.48156738 0.3685913 0.5465088 3.8624878 0.010131836 3.022583 0.16015625 0.06732178 3.0740356 3.6340332 0.06439209 
3.9904785 0.5126343 3.946045 0.8568115 3.7175903 3.7748413 0.5626221 3.2562866 0.7050171 0.7003174 0.080566406 0.0769043 3.4224854 0.48150635 0.36865234 0.54644775 3.8624878 0.010131836 3.022583 0.16015625 0.06732178 3.0739136 3.6342773 0.06439209 
3.9904785 0.5126343 3.946045 0.8568115 3.7175903 3.7749023 0.5626221 3.2563477 0.7050171 0.7003174 0.080566406 0.0769043 3.4223633 0.48150635 0.36871338 0.5463867 3.8624878 0.010131836 3.022583 0.16015625 0.06732178 3.0737915 3.6345825 0.06439209 
3.9904785 0.5126953 3.946045 0.8567505 3.7175293 3.7749023 0.5626221 3.2563477 0.7050171 0.7003174 0.08062744 0.0769043 3.4223022 0.4814453 0.3687744 0.5463257 3.8624878 0.010131836 3.022583 0.16015625 0.06738281 3.0736694 3.6348267 0.06439209 
3.9904785 0.5126953 3.946045 0.8567505 3.7174683 3.7749023 0.5626221 3.2563477 0.7050171 0.7003174 0.08062744 0.07696533 3.4222412 0.48138428 0.36883545 0.5462036 3.8624268 0.010131836 3.022583 0.16009521 0.06744385 3.0736084 3.6351318 0.06439209 
3.9904785 0.5126953 3.946106 0.8567505 3.7174683 3.7749023 0.5626831 3.2564087 0.7050171 0.7003174 0.08062744 0.07696533 3.4221802 0.48132324 0.36889648 0.5461426 3.8624268 0.010131836 3.022583 0.16009521 0.06744385 3.0734863 3.635376 0.064331055 
3.9904785 0.5126953 3.946106 0.8567505 3.7174072 3.7749634 0.5626831 3.2564087 0.70495605 0.7003174 0.08068848 0.07696533 3.4221191 0.48132324 0.36895752 0.54608154 3.8624268 0.010131836 3.022583 0.16009521 0.06744385 3.0733643 3.6356812 0.064331055 
3.9904785 0.5126953 3.946106 0.8567505 3.7174072 3.7749634 0.5626831 3.2564087 0.70495605 0.7003174 0.08068848 0.07696533 3.422058 0.4812622 0.36901855 0.5460205 3.8624878 0.010131836 3.022522 0.16009521 0.06750488 3.0732422 3.6359253 0.064331055 
3.9904175 0.5126953 3.946106 0.8567505 3.7173462 3.7750244 0.5626831 3.2564087 0.70495605 0.7003174 0.08074951 0.07696533 3.421997 0.48120117 0.36914062 0.5459595 3.8624878 0.010131836 3.022522 0.16009521 0.06756592 3.0731812 3.6362305 0.064331055 
3.9904175 0.5126343 3.946106 0.8568115 3.7172852 3.7750854 0.5626831 3.2564087 0.70495605 0.7003174 0.08081055 0.07702637 3.421875 0.48114014 0.36920166 0.5458374 3.8624878 0.010192871 3.022522 0.16009521 0.06756592 3.073059 3.6364746 0.06427002 
3.9904175 0.5126343 3.946106 0.8568115 3.7172852 3.7750854 0.5626831 3.2564697 0.70495605 0.7003174 0.08081055 0.07702637 3.421814 0.4810791 0.3692627 0.54577637 3.8624878 0.010131836 3.022522 0.16009521 0.06756592 3.072937 3.6367188 0.06427002 
3.9904175 0.5126343 3.946106 0.8568115 3.7172241 3.7751465 0.5626831 3.2564697 0.70495605 0.7003784 0.08081055 0.07702637 3.421753 0.48101807 0.36932373 0.54571533 3.8624878 0.010131836 3.022522 0.16009521 0.06762695 3.072815 3.637024 0.06427002 
3.9903564 0.5126343 3.946167 0.8568115 3.716919 3.7753296 0.5628662 3.2565918 0.704895 0.7003784 0.08099365 0.07714844 3.4212036 0.48059082 0.369812 0.545166 3.8624268 0.010192871 3.022583 0.16009521 0.06781006 3.0720215 3.6392212 0.064208984 
3.9903564 0.5126343 3.946167 0.8568115 3.716919 3.7753906 0.5628662 3.2565918 0.704895 0.7003784 0.08099365 0.07714844 3.4210815 0.4805298 0.36987305 0.545105 3.8624268 0.010192871 3.022583 0.16009521 0.06781006 3.0718994 3.6394653 0.064208984 
3.9902954 0.5126343 3.946228 0.8568115 3.716858 3.7754517 0.5628662 2.93573 0.704895 0.7003784 0.08105469 0.07720947 3.4210205 0.4805298 0.36993408 0.5449829 3.8624268 0.010192871 3.022583 0.16009521 0.067871094 3.0717773 3.6397705 0.064208984 
3.9899292 0.5126953 3.9464722 0.8568115 3.715393 3.7765503 0.56329346 3.257141 0.70458984 0.7005005 0.08190918 0.07775879 3.418274 0.4786377 0.3723755 0.54211426 3.8623047 0.010131836 3.022583 0.16003418 0.06878662 3.067749 3.6504517 0.06378174 
3.989