A1 A2 A3 A4 B1 B2 B3 B4 C1 C2 C3 C4 D1 D2 D3 D4 E1 E2 E3 E4 F1 F2 F3 F4 
3.9364624 0.5819092 3.8848267 3.1974487 3.5845947 0.8106079 0.4099121 3.9518433 0.45458984 3.3709106 0.5202637 0.35620117 0.4290161 3.7650146 0.8677368 0.088012695 0.00390625 3.6884766 3.0673828 0.18225098 0.7404785 3.9967651 0.6586304 3.8666992 
3.9362793 0.5819092 3.8847046 3.1975098 3.5845947 0.8106079 0.4099121 3.9518433 0.45465088 3.3709106 0.5202637 0.35620117 0.42907715 3.7652588 0.8677368 0.08795166 0.00390625 3.6884766 3.0673828 0.18225098 0.7404785 3.9967651 0.6586304 3.8666992 
3.9360962 0.5819702 3.8845825 3.1975098 3.5845947 0.8106079 0.4099121 3.9517822 0.45465088 3.3709106 0.5202637 0.35620117 0.42913818 3.765442 0.86779785 0.087890625 0.00390625 3.6884766 3.0673828 0.18225098 0.74053955 3.9967651 0.6586304 3.8666992 
3.9359741 0.5819702 3.8844604 3.1975708 3.5845337 0.8105469 0.4099121 3.9517212 0.45465088 3.3709106 0.5202637 0.35620117 0.42913818 3.765686 0.8678589 0.087768555 0.00390625 3.6884766 3.0673828 0.18225098 0.74053955 3.9967651 0.6586304 3.8666992 
3.935791 0.5819702 3.8843384 3.1976318 3.5845337 0.8105469 0.40985107 3.9517212 0.45465088 3.3709106 0.5202637 0.35620117 0.42919922 3.7659302 0.8679199 0.08770752 0.00390625 3.6884155 3.0673828 0.18225098 0.74053955 3.9967651 0.6586304 3.8666992 
3.935608 0.58203125 3.8842163 3.1976929 3.5845947 0.8106079 0.4099121 3.9517822 0.45458984 3.3709106 0.52020264 0.35620117 0.42919922 3.7661133 0.86798096 0.08758545 0.00390625 3.6884155 3.0673828 0.18225098 0.7404785 3.9967651 0.6586304 3.8666992 
3.9354858 0.58203125 3.8840942 3.1976929 3.5845337 0.8105469 0.4099121 3.9517822 0.45458984 3.3708496 0.52020264 0.35620117 0.42926025 3.7663574 0.868042 0.08746338 0.00390625 3.6884155 3.0673828 0.18225098 0.7404785 3.996704 0.6586304 3.8666992 
3.9353027 0.58203125 3.8839111 3.197754 3.5845947 0.8105469 0.4099121 3.9517822 0.45458984 3.3708496 0.52020264 0.35620117 0.42926025 3.7665405 0.868042 0.087402344 0.00390625 3.6884155 3.0673828 0.18225098 0.7404785 3.996704 0.6586304 3.8666992 
3.9351196 0.5820923 3.883789 3.197815 3.5845947 0.8106079 0.4099121 3.9518433 0.45458984 3.3708496 0.52020264 0.35620117 0.42926025 3.7667847 0.868103 0.08728027 0.00390625 3.6884155 3.0673828 0.18225098 0.7404785 3.9967651 0.6586304 3.8666382 
3.9349365 0.5820923 3.883667 3.197876 3.5845947 0.8106079 0.4099121 3.9518433 0.45458984 3.3709106 0.52020264 0.35620117 0.4293213 3.7669678 0.86816406 0.08721924 0.00390625 3.6884155 3.0673828 0.18225098 0.7404785 3.996704 0.6586304 3.8666382 
3.9347534 0.5821533 3.883484 3.197937 3.5845337 0.8105469 0.4099121 3.9517822 0.45458984 3.3709106 0.52020264 0.35620117 0.4293213 3.7671509 0.8682251 0.08709717 0.00390625 3.6884155 3.0673828 0.18225098 0.7404785 3.996704 0.6586304 3.8666382 
3.9345703 0.5821533 3.8833618 3.197998 3.5845337 0.8105469 0.4099121 3.9518433 0.45465088 3.3709106 0.52020264 0.35620117 0.42938232 3.767395 0.86828613 0.08703613 0.00390625 3.6884155 3.0673828 0.18225098 0.7404785 3.996704 0.6586304 3.8666382 
3.9344482 0.5821533 3.8832397 3.197998 3.5845337 0.8105469 0.4099121 3.9517822 0.45465088 3.3709106 0.52020264 0.35620117 0.42938232 3.7675781 0.86834717 0.08691406 0.00390625 3.6884155 3.0673828 0.18225098 0.7404785 3.996704 0.6586304 3.8666382 
3.9342651 0.5821533 3.8831177 3.198059 3.5845337 0.8105469 0.4099121 3.9517822 0.45465088 3.3709106 0.52020264 0.3562622 0.42938232 3.7678223 0.8684082 0.08679199 0.00390625 3.6884155 3.0673828 0.18225098 0.7404785 3.996704 0.6586304 3.8666382 
3.934082 0.5821533 3.8829956 3.198059 3.5845337 0.8105469 0.4099121 3.9517822 0.45465088 3.3709106 0.52020264 0.3562622 0.42938232 3.7680054 0.86846924 0.08660889 0.00390625 3.6884155 3.0673828 0.18225098 0.7404785 3.996704 0.6586304 3.8666382 
3.933899 0.58221436 3.8828735 3.19812 3.5845337 0.8105469 0.4099121 3.9517822 0.45465088 3.3709106 0.5201416 0.3562622 0.4295044 3.7680664 0.8684082 0.08666992 0.00390625 3.6884155 3.0673828 0.18225098 0.7404785 3.996704 0.6586304 3.8666382 
3.9337769 0.58221436 3.8827515 3.1981812 3.5845337 0.8105469 0.4099121 3.9517822 0.45465088 3.3708496 0.5201416 0.3562622 0.42956543 3.7680664 0.86834717 0.08666992 0.00390625 3.6884766 3.0673828 0.18225098 0.7404785 3.996704 0.6586304 3.8666382 
3.9335938 0.58221436 3.8825684 3.1982422 3.5845337 0.8105469 0.4099121 3.9517822 0.45465088 3.3709106 0.5201416 0.3562622 0.4296875 3.7680664 0.86834717 0.08666992 0.00390625 3.6884766 3.0673828 0.18225098 0.7404785 3.996704 0.6586304 3.8666382 
3.9334106 0.58221436 3.8824463 3.1983032 3.5845947 0.8105469 0.4099121 3.9518433 0.45465088 3.3709106 0.5201416 0.3562622 0.42980957 3.7680664 0.86828613 0.08673096 0.00390625 3.6884766 3.0673828 0.18225098 0.7404785 3.996704 0.6586304 3.8666382 
3.9332275 0.5822754 3.8823242 3.1983032 3.5845337 0.8105469 0.4099121 3.9518433 0.45465088 3.3709106 0.52020264 0.3562622 0.4298706 3.7680664 0.8682251 0.08673096 0.00390625 3.6884155 3.0673828 0.18225098 0.7404785 3.996704 0.6586304 3.8666382 
3.9330444 0.5822754 3.8822021 3.1983643 3.5845337 0.8105469 0.4099121 3.9518433 0.45465088 3.3709106 0.52020264 0.3562622 0.42999268 3.7680664 0.86816406 0.08673096 0.00390625 3.6884155 3.0673828 0.18225098 0.7404785 3.996704 0.6586304 3.8666382 
3.9328613 0.5822754 3.88208 3.1984253 3.5845947 0.8105469 0.4099121 3.9518433 0.45465088 3.3709106 0.52020264 0.3562622 0.43011475 3.7681274 0.868103 0.08673096 0.00390625 3.6884766 3.0673828 0.18225098 0.7404785 3.996704 0.6586304 3.8666382 
3.9328003 0.5830078 3.8812256 3.1990356 3.5845947 0.8105469 0.4099121 3.9518433 0.484375 3.796875 0.0 0.74816895 0.43078613 3.7682495 0.86779785 0.08660889 0.003967285 3.6884766 3.0673828 0.18225098 0.74053955 3.996704 0.65856934 3.8666382 
3.9328613 0.58306885 3.8811646 3.1990967 3.5845947 0.8105469 0.40997314 3.9518433 2.062439 3.09375 0.0 0.045043945 0.43084717 3.7682495 0.86779785 0.08660889 0.003967285 3.6884766 3.0673828 0.18225098 0.74053955 3.996704 0.65856934 3.8666382 
3.9329224 0.5831909 3.8811035 3.1991577 3.5845947 0.8105469 0.4099121 3.9518433 3.843689 1.703064 3.296814 1.920044 0.4309082 3.7682495 0.86779785 0.08654785 0.003967285 3.6884766 3.0673828 0.18225098 0.74053955 3.996704 0.6586304 3.8666382 
3.9332886 0.58380127 3.8804932 3.199707 3.5846558 0.8106079 0.40997314 3.9519043 2.3752441 1.1091919 3.4129028 0.4545288 0.4315796 3.7683716 0.8674927 0.08642578 0.003967285 3.6884155 3.0673828 0.18225098 0.74053955 3.996704 0.65856934 3.8666382 
3.9332886 0.5838623 3.8804321 3.199768 3.5846558 0.8106079 0.40997314 3.9519043 2.0733643 2.1264648 3.9777832 0.45446777 0.43164062 3.7683716 0.8674927 0.08642578 0.003967285 3.6884155 3.0673828 0.18225098 0.74053955 3.996704 0.65856934 3.8666382 
3.9333496 0.58392334 3.880371 3.199829 3.5845947 0.8105469 0.4099121 3.9518433 3.8128052 1.1591797 3.5769653 0.4545288 0.43170166 3.7683716 0.86743164 0.08642578 0.003967285 3.6884155 3.0673828 0.18225098 0.7406006 3.996704 0.65856934 3.8666382 
3.9333496 0.5839844 3.88031 3.199829 3.5845947 0.8105469 0.40997314 3.9519043 2.9614868 3.7106934 3.7681885 0.4545288 0.4317627 3.7683716 0.86743164 0.08642578 0.003967285 3.6884155 3.0673828 0.18225098 0.7406006 3.996704 0.6585083 3.8666382 
3.9334106 0.5840454 3.880188 3.1998901 3.5845947 0.8105469 0.40997314 3.9519043 2.751587 0.52008057 2.7662354 0.4545288 0.43182373 3.7683716 0.8673706 0.086364746 0.00390625 3.6884766 3.0673828 0.18225098 0.7406006 3.996704 0.6585083 3.8666382 
3.9334106 0.5840454 3.880127 3.1999512 3.5845947 0.8105469 0.40997314 3.9519043 2.9249878 0.13439941 2.7719116 0.4545288 0.43188477 3.7684326 0.8673706 0.086364746 0.003967285 3.6884155 3.0673828 0.18225098 0.7406006 3.996704 0.6585083 3.8666382 
3.9334717 0.58410645 3.880127 3.1999512 3.5846558 0.8106079 0.40997314 3.9519043 2.5526733 0.10308838 0.073791504 0.4545288 0.4319458 3.7684326 0.8673096 0.086364746 0.00390625 3.6884155 3.0673828 0.18225098 0.7406006 3.996704 0.6585083 3.8666382 
3.9335327 0.5841675 3.880066 3.2000122 3.5846558 0.8106079 0.40997314 3.9519043 0.3180542 3.7434692 3.8083496 0.45446777 0.43200684 3.7684326 0.8673096 0.086364746 0.00390625 3.6884155 3.0673828 0.18225098 0.7406006 3.996704 0.65856934 3.8666382 
3.9335327 0.5841675 3.880005 3.2000122 3.5846558 0.8106079 0.40997314 3.9519043 0.883667 1.6077881 3.9436646 0.45446777 0.43206787 3.7684937 0.8673096 0.086364746 0.00390625 3.6884766 3.0673828 0.18225098 0.74053955 3.996704 0.65856934 3.8666382 
3.9335938 0.5842285 3.8799438 3.2000732 3.5845947 0.8106079 0.40997314 3.9519043 0.23822021 3.4661255 2.4018555 0.45446777 0.4321289 3.7684937 0.86724854 0.086364746 0.00390625 3.6884766 3.0673828 0.18225098 0.74053955 3.996704 0.65856934 3.8666382 
3.9335938 0.5842285 3.8798828 3.2000732 3.5846558 0.8106079 0.40997314 3.9519043 1.8132324 0.18347168 1.6030273 0.45446777 0.43225098 3.7684937 0.8671875 0.086364746 0.00390625 3.6884766 3.0673828 0.18225098 0.74053955 3.996704 0.65856934 3.8666382 
3.9336548 0.58428955 3.8798218 3.2001343 3.5845947 0.8106079 0.40997314 3.9519043 3.788086 2.9902954 1.0073242 0.45446777 0.432312 3.7684937 0.8671875 0.08642578 0.00390625 3.6884766 3.0673828 0.18225098 0.74053955 3.996704 0.65856934 3.8666382 
3.9336548 0.5843506 3.8797607 3.2001953 3.5845947 0.8105469 0.4099121 3.9518433 0.5 1.2937622 2.5357056 0.45446777 0.43237305 3.7685547 0.86712646 0.08642578 0.00390625 3.6884766 3.0673828 0.18225098 0.74053955 3.996704 0.65856934 3.8666382 
3.9337158 0.5843506 3.8796997 3.2001953 3.5845947 0.8106079 0.40997314 3.9519043 2.321045 2.5794067 3.7485962 0.45446777 0.43249512 3.7685547 0.86712646 0.08642578 0.003967285 3.6884766 3.0673828 0.18225098 0.74053955 3.996704 0.65856934 3.8666382 
3.9337158 0.5844116 3.8796387 3.2002563 3.5845947 0.8106079 0.40997314 3.9519043 2.6003418 3.441101 3.8960571 0.45446777 0.43255615 3.7685547 0.8670654 0.08642578 0.003967285 3.6884766 3.0673828 0.18225098 0.7406006 3.996704 0.65856934 3.8666382 
3.9337769 0.5844116 3.8795776 3.2002563 3.5845947 0.8105469 0.40997314 3.9519043 3.3869019 0.086242676 0.737854 0.45446777 0.4326172 3.7686157 0.8670044 0.08648682 0.003967285 3.6884766 3.0673828 0.18225098 0.7406006 3.996704 0.65856934 3.8666382 
3.9337769 0.58447266 3.8795166 3.2002563 3.5846558 0.8106079 0.40997314 3.9519043 0.44665527 1.770935 1.2810669 0.45446777 0.43273926 3.7686157 0.8670044 0.08648682 0.003967285 3.6884766 3.0673828 0.18225098 0.74053955 3.996704 0.65856934 3.8666382 
3.933838 0.58447266 3.8794556 3.2003174 3.5846558 0.8106079 0.40997314 3.9519043 0.23950195 2.2821045 2.2442627 0.45446777 0.4328003 3.7686768 0.86694336 0.08648682 0.003967285 3.6884766 3.0673828 0.18225098 0.74053955 3.996704 0.65856934 3.8666382 
3.933838 0.58447266 3.8793945 3.2003174 3.5846558 0.8106079 0.40997314 3.9519043 0.25177002 1.1067505 2.7052612 0.45446777 0.43286133 3.7686768 0.86694336 0.08648682 0.003967285 3.6884766 3.0673828 0.18225098 0.74053955 3.9967651 0.65856934 3.8666382 
3.933899 0.5845337 3.8793335 3.2003174 3.5846558 0.8106079 0.40997314 3.9519043 0.92388916 1.0583496 1.9047852 0.45446777 0.4329834 3.7686768 0.8668823 0.08654785 0.00390625 3.6884766 3.0673828 0.18225098 0.74053955 3.9967651 0.65856934 3.8666382 
3.933899 0.5845337 3.8792725 3.2003784 3.5846558 0.8106079 0.40997314 3.9519043 1.4977417 0.3711548 3.7631836 0.45446777 0.43304443 3.7687378 0.8668213 0.08654785 0.003967285 3.6884766 3.0673828 0.18225098 0.74053955 3.9967651 0.65856934 3.8666382 
3.93396 0.5845947 3.8792114 3.2003784 3.5846558 0.8106079 0.40997314 3.9519043 2.894043 0.27264404 3.5841675 0.45446777 0.4331665 3.7687378 0.8668213 0.08660889 0.003967285 3.6884766 3.0673828 0.18225098 0.7406006 3.9967651 0.6585083 3.8666382 
3.934143 0.58483887 3.8787842 3.2006226 3.5846558 0.8106079 0.40997314 3.9519043 0.026062012 0.65875244 1.1769409 0.45440674 0.43389893 3.768921 0.86639404 0.0869751 0.003967285 3.6884766 3.0673828 0.18231201 0.7406006 3.9967651 0.65856934 3.8666382 
3.934204 0.58483887 3.8787231 3.2006836 3.5846558 0.8106079 0.40997314 3.9519043 3.284546 3.991333 0.045410156 0.45440674 0.434021 3.768921 0.86639404 0.0869751 0.003967285 3.6884766 3.0673828 0.18231201 0.7406006 3.9967651 0.6585083 3.8666382 
3.9342651 0.58496094 3.878662 3.2007446 3.5846558 0.8106079 0.40997314 3.9518433 0.4543457 3.3709106 0.5203247 0.35632324 0.4342041 3.768921 0.866272 0.0871582 0.003967285 3.6884155 3.0673828 0.18231201 0.7406006 3.9967651 0.6585083 3.8666382 
3.9342651 0.58496094 3.878601 3.2007446 3.5846558 0.8106079 0.40997314 3.9519043 0.4543457 3.3709106 0.52038574 0.35632324 0.43499756 3.769104 0.8658447 0.087646484 0.003967285 3.6884766 3.0673828 0.18231201 0.7406006 3.9967651 0.6585083 3.8666992 
3.9353638 0.5875244 3.876892 3.2028198 3.5847778 0.81066895 0.40997314 3.9519043 0.4543457 3.3709106 0.52038574 0.35632324 0.4373169 3.7694702 0.864624 0.08886719 0.003967285 3.6884155 3.0673828 0.18237305 0.7406006 3.9967651 0.6585083 3.8666992 
3.9353638 0.58758545 3.876831 3.2028809 3.5847778 0.81066895 0.40997314 3.9519043 0.45428467 3.3709106 0.52038574 0.35632324 0.43737793 3.7694702 0.864624 0.08886719 0.003967285 3.6884155 3.0673828 0.18237305 0.7406006 3.996704 0.6585083 3.8666992 
3.9354248 0.5876465 3.876831 3.202942 3.5847778 0.81066895 0.40997314 3.9519043 0.45428467 3.3709106 0.52038574 0.35632324 0.43743896 3.7694702 0.864624 0.08886719 0.003967285 3.6884155 3.0673828 0.18237305 0.7406006 3.9967651 0.6585083 3.8666992 
3.9354248 0.5877075 3.87677 3.203003 3.5847778 0.81066895 0.40997314 3.9519043 0.45428467 3.3708496 0.52038574 0.35632324 0.43743896 3.7694702 0.864563 0.08892822 0.003967285 3.6884155 3.0673828 0.18237305 0.7406006 3.9967651 0.6585083 3.8666382 
3.9354858 0.5878296 3.876709 3.203064 3.5847778 0.81066895 0.40997314 3.9519043 0.45428467 3.3709106 0.52038574 0.35632324 0.4375 3.7694702 0.864563 0.08892822 0.003967285 3.6884155 3.0673828 0.18237305 0.7406006 3.9967651 0.6585083 3.8666382 
3.9354858 0.5878906 3.876648 3.203125 3.5848389 0.81066895 0.41003418 3.9519043 0.45428467 3.3709106 0.52038574 0.35638428 0.43756104 3.7694702 0.864563 0.08892822 0.003967285 3.6884155 3.0673828 0.18237305 0.7406006 3.9967651 0.6585083 3.8666382 
3.9355469 0.5880127 3.876648 3.203186 3.5848389 0.81066895 0.41003418 3.9519043 0.45428467 3.3709106 0.52038574 0.35638428 0.43762207 3.7694702 0.86450195 0.08892822 0.003967285 3.6884155 3.0673828 0.18237305 0.7406006 3.9967651 0.6585083 3.8666382 
3.9355469 0.58807373 3.876587 3.203247 3.5848389 0.81066895 0.41003418 3.9519043 0.45428467 3.3709106 0.5204468 0.35632324 0.43762207 3.7694702 0.86450195 0.08886719 0.003967285 3.6884155 3.0673828 0.18237305 0.7406006 3.9967651 0.6585083 3.8666382 
3.935608 0.58813477 3.8765259 3.203308 3.5848389 0.81066895 0.41003418 3.9519043 0.45428467 3.3709106 0.5204468 0.35632324 0.4376831 3.7694702 0.86450195 0.08886719 0.003967285 3.6884155 3.0673828 0.18231201 0.7406006 3.9967651 0.6585083 3.8666382 
3.935608 0.5881958 3.8765259 3.2033691 3.5848389 0.81066895 0.41003418 3.9519653 0.45428467 3.3709106 0.5204468 0.35632324 0.4376831 3.7694702 0.86450195 0.08886719 0.003967285 3.6884155 3.0673828 0.18231201 0.7406006 3.9967651 0.6585083 3.8666382 
3.935608 0.58825684 3.8764648 3.2034302 3.5848389 0.81066895 0.41003418 3.9519653 0.45428467 3.3709106 0.5204468 0.35632324 0.43774414 3.7695312 0.8644409 0.08886719 0.003967285 3.6884155 3.0673828 0.18237305 0.7406006 3.9967651 0.6585083 3.8666382 
3.935669 0.5883789 3.8764648 3.2034912 3.5848389 0.81066895 0.41003418 3.9519653 0.45428467 3.3709106 0.5204468 0.35632324 0.43774414 3.7695312 0.8644409 0.08886719 0.003967285 3.6884155 3.0673828 0.18237305 0.7406006 3.9967651 0.6585083 3.8666992 
3.935669 0.58843994 3.8764038 3.2035522 3.5849 0.81066895 0.41003418 3.9519653 0.45428467 3.3709106 0.5204468 0.35632324 0.43780518 3.7694702 0.8644409 0.08886719 0.0040283203 3.6884155 3.0673828 0.18237305 0.7406006 3.9967651 0.6585083 3.8666382 
3.93573 0.588501 3.8763428 3.2036133 3.5848389 0.81066895 0.41003418 3.9519043 0.45422363 3.3709106 0.5204468 0.35632324 0.43780518 3.7694702 0.8644409 0.08880615 0.003967285 3.6884155 3.0673828 0.18237305 0.7406006 3.9967651 0.6585083 3.8666382 
3.93573 0.588562 3.8763428 3.2036133 3.5848389 0.81066895 0.41003418 3.9519043 0.45428467 3.3709106 0.5204468 0.35632324 0.43780518 3.7694702 0.8644409 0.08880615 0.0040283203 3.6884155 3.0673828 0.18237305 0.7406006 3.996704 0.6585083 3.8666382 
3.93573 0.58862305 3.8762817 3.2036743 3.5848389 0.81066895 0.41003418 3.9519043 0.45422363 3.3709106 0.5204468 0.35632324 0.43780518 3.7695312 0.8644409 0.08880615 0.0040283203 3.6884155 3.0673828 0.18237305 0.7406006 3.9967651 0.6585083 3.8666382 
3.935791 0.5886841 3.8762817 3.2037354 3.5848389 0.81066895 0.41003418 3.9519043 0.45422363 3.3709106 0.5204468 0.35632324 0.4378662 3.7695312 0.8644409 0.08874512 0.0040283203 3.6884155 3.0673828 0.18237305 0.7406006 3.9967651 0.6585083 3.8666382 
3.935791 0.5887451 3.8762207 3.2037354 3.5848389 0.81066895 0.41003418 3.9519043 0.45422363 3.3709106 0.5204468 0.35632324 0.4378662 3.7695312 0.8644409 0.08874512 0.0040283203 3.6884155 3.0673828 0.18237305 0.7406006 3.9967651 0.6585083 3.8666382 
3.935852 0.5887451 3.8762207 3.2037964 3.5849 0.81066895 0.41003418 3.9519043 0.45422363 3.3709106 0.5204468 0.35632324 0.4378662 3.7695312 0.8644409 0.08868408 0.0040283203 3.6884155 3.0674438 0.18237305 0.7406006 3.9967651 0.6585083 3.8666382 
3.9360352 0.58917236 3.8758545 3.2041016 3.5849 0.81066895 0.4100952 3.9519043 0.45422363 3.3709106 0.5204468 0.35638428 0.43811035 3.7695923 0.86431885 0.08843994 0.0040283203 3.6884155 3.0674438 0.18243408 0.7406006 3.9967651 0.6585083 3.8666382 
3.9360962 0.58917236 3.8757935 3.2041626 3.584961 0.81066895 0.4100952 3.9519043 0.45422363 3.3709106 0.5204468 0.35638428 0.43811035 3.7695923 0.86431885 0.08843994 0.0040283203 3.6884155 3.0674438 0.18243408 0.7406006 3.9967651 0.6585083 3.8666382 
3.9360962 0.58917236 3.8757324 3.2041626 3.584961 0.81066895 0.41003418 3.9519043 0.45422363 3.3709717 0.5204468 0.35638428 0.43811035 3.7695923 0.86431885 0.08843994 0.0040283203 3.6884155 3.0674438 0.18243408 0.7406006 3.9967651 0.6585083 3.8666382 
3.9360962 0.5892334 3.8757324 3.2041626 3.584961 0.81066895 0.4100952 3.9519653 0.45422363 3.3709717 0.5205078 0.35638428 0.4381714 3.7695923 0.86431885 0.088378906 0.0040283203 3.6884155 3.0674438 0.18243408 0.7406006 3.9967651 0.6585083 3.8666382 
3.9360962 0.5892334 3.8757324 3.2042236 3.584961 0.81066895 0.4100952 3.9519653 0.45422363 3.3709717 0.5205078 0.35638428 0.4381714 3.7695923 0.86431885 0.088378906 0.0040283203 3.6884155 3.0674438 0.18243408 0.7406006 3.9967651 0.6585083 3.8666382 
3.9361572 0.5892334 3.8756714 3.2042236 3.584961 0.81066895 0.4100952 3.9519653 0.45422363 3.3709717 0.5205078 0.3564453 0.4381714 3.7695923 0.86431885 0.088378906 0.0040283203 3.6884155 3.0674438 0.18243408 0.7406006 3.9967651 0.6585083 3.8666382 
3.9361572 0.5892334 3.8756714 3.2042236 3.5849 0.81066895 0.4100952 3.9519653 0.45422363 3.3709717 0.5205078 0.3564453 0.43823242 3.7695923 0.86431885 0.088378906 0.0040283203 3.6884155 3.0674438 0.18243408 0.7406006 3.9967651 0.6585083 3.8666382 
3.9361572 0.58929443 3.8756104 3.2042236 3.584961 0.81066895 0.4100952 3.9519653 0.45422363 3.3709717 0.5205078 0.3564453 0.43823242 3.7695923 0.86431885 0.08831787 0.0040283203 3.6884155 3.0674438 0.18243408 0.7406006 3.9967651 0.6585083 3.8666382 
3.9361572 0.58929443 3.8756104 3.2042236 3.584961 0.81066895 0.4100952 3.9519653 0.45422363 3.3709717 0.5205078 0.3564453 0.43823242 3.7696533 0.86431885 0.08831787 0.0040283203 3.6884155 3.0674438 0.18243408 0.7406006 3.9967651 0.6585083 3.8666382 
3.9362183 0.58929443 3.8756104 3.2042236 3.5849 0.81066895 0.4100952 3.9519653 0.45422363 3.3709717 0.5205078 0.3564453 0.43829346 3.7696533 0.8642578 0.08831787 0.0040283203 3.6884155 3.0674438 0.18243408 0.7406006 3.9967651 0.6585083 3.8666382 
3.9362183 0.58929443 3.8755493 3.2042847 3.584961 0.81066895 0.4100952 3.9519653 0.45422363 3.3709717 0.5205078 0.3564453 0.43829346 3.7696533 0.8642578 0.08831787 0.0040283203 3.6884155 3.0674438 0.18243408 0.7406006 3.9967651 0.6585083 3.8666382 
3.9362183 0.58929443 3.8755493 3.2042847 3.584961 0.81066895 0.4100952 3.9519653 0.45422363 3.3709717 0.5205078 0.3564453 0.43829346 3.7696533 0.8642578 0.08831787 0.0040283203 3.6884155 3.0674438 0.18243408 0.7406006 3.9967651 0.6585083 3.8666382 
3.9362183 0.58929443 3.8754883 3.2042847 3.584961 0.81066895 0.4100952 3.9519653 0.45422363 3.3710327 0.5205078 0.3564453 0.4383545 3.7696533 0.8642578 0.08831787 0.0040283203 3.6884155 3.0674438 0.18243408 0.7406006 3.9967651 0.6585083 3.8666382 
3.9362183 0.58929443 3.8754883 3.2042847 3.584961 0.81066895 0.4100952 3.9519653 0.45422363 3.3710327 0.5205078 0.3564453 0.4383545 3.7696533 0.8642578 0.08831787 0.0040283203 3.6884155 3.0674438 0.18243408 0.7406006 3.9967651 0.6585083 3.8666382 
3.9362793 0.58929443 3.8754883 3.2042847 3.584961 0.81073 0.4100952 3.9519653 0.45422363 3.3710327 0.52056885 0.3564453 0.4383545 3.7697144 0.8642578 0.08831787 0.0040283203 3.6884155 3.0674438 0.18243408 0.7406006 3.9967651 0.6585083 3.8666382 
3.9362793 0.58929443 3.8754272 3.2042847 3.584961 0.81066895 0.4100952 3.9519653 0.45422363 3.3710327 0.5205078 0.3564453 0.43841553 3.7697144 0.8642578 0.08831787 0.0040283203 3.6884155 3.0674438 0.18243408 0.7406006 3.9967651 0.6585083 3.8666382 
3.9362793 0.58929443 3.8754272 3.2042847 3.584961 0.81066895 0.4100952 3.9519653 0.45422363 3.3709717 0.5205078 0.3564453 0.43841553 3.7697144 0.8641968 0.08831787 0.0040283203 3.6884155 3.0674438 0.18243408 0.7406006 3.9967651 0.6585083 3.8666382 
3.9362793 0.58929443 3.8754272 3.2042847 3.584961 0.81066895 0.4100952 3.9519653 0.45422363 3.3709717 0.5205078 0.3564453 0.43847656 3.7697144 0.8641968 0.08831787 0.003967285 3.6884155 3.0674438 0.18243408 0.7406006 3.9967651 0.6585083 3.8666382 
3.9362793 0.5892334 3.8753662 3.2042847 3.584961 0.81066895 0.4100952 3.9520264 0.45422363 3.3709717 0.5205078 0.35650635 0.43847656 3.7697144 0.8641968 0.08831787 0.003967285 3.6884155 3.0674438 0.18243408 0.7406006 3.9967651 0.6585083 3.8666382 
3.9362793 0.5892334 3.8753662 3.2042847 3.585022 0.81073 0.4100952 3.9520264 0.45422363 3.3709717 0.5205078 0.3564453 0.4385376 3.7697144 0.86413574 0.08831787 0.0040283203 3.6884155 3.0674438 0.18243408 0.7406006 3.9967651 0.6585083 3.8666382 
3.9362793 0.58929443 3.8753052 3.2042847 3.585022 0.81073 0.4100952 3.9520264 0.45422363 3.3710327 0.5205078 0.35650635 0.43859863 3.7697144 0.86413574 0.088378906 0.003967285 3.6884155 3.0674438 0.18243408 0.7406006 3.9967651 0.6585083 3.8666382 
3.9363403 0.5892334 3.8753052 3.2042847 3.585022 0.81073 0.4100952 3.9520264 0.45422363 3.3710327 0.5205078 0.35650635 0.43865967 3.7697754 0.86413574 0.088378906 0.003967285 3.6884155 3.0674438 0.18243408 0.7406006 3.9967651 0.6585083 3.8666382 
3.9363403 0.5892334 3.8753052 3.2042847 3.585022 0.81073 0.4100952 3.9520264 0.45422363 3.3710327 0.52056885 0.35650635 0.43865967 3.7697754 0.8640747 0.088378906 0.003967285 3.6884155 3.0674438 0.18243408 0.7406616 3.9967651 0.65844727 3.8666382 
3.9363403 0.5892334 3.8752441 3.2042236 3.585022 0.81073 0.4100952 3.9520874 0.45422363 3.3710327 0.5205078 0.3564453 0.43884277 3.7697754 0.8640137 0.08843994 0.003967285 3.6884155 3.0674438 0.18243408 0.7406006 3.9967651 0.6585083 3.8666382 
3.9364014 0.5892334 3.875183 3.2042236 3.585022 0.81073 0.4100952 3.9520874 0.45422363 3.3709717 0.5205078 0.3564453 0.43884277 3.7698364 0.8640137 0.08843994 0.003967285 3.6884155 3.0674438 0.18243408 0.7406006 3.9967651 0.6585083 3.8666382 
3.9364014 0.5892334 3.875183 3.2042847 3.585022 0.81073 0.4100952 3.9520874 0.4541626 3.3709717 0.5205078 0.3564453 0.4389038 3.7698364 0.8640137 0.08850098 0.003967285 3.6884155 3.0674438 0.18243408 0.7406006 3.9967651 0.6585083 3.8666382 
3.9364014 0.5892334 3.875183 3.2042847 3.585022 0.81073 0.4100952 3.9520874 0.4541626 3.3709717 0.5205078 0.3564453 0.43896484 3.7698364 0.86395264 0.08850098 0.003967285 3.6884155 3.0674438 0.18243408 0.7406616 3.9967651 0.65844727 3.8666382 
3.9364014 0.5892334 3.875122 3.2042847 3.585022 0.81073 0.4100952 3.9520264 0.45422363 3.3709717 0.5205078 0.35650635 0.43902588 3.7698364 0.8638916 0.08856201 0.003967285 3.6884155 3.0674438 0.18243408 0.7406616 3.9967651 0.65844727 3.8666382 
3.9366455 0.5897217 3.8746948 3.2046509 3.585083 0.81073 0.41015625 3.9520874 0.45410156 3.3710327 0.5206299 0.35650635 0.44024658 3.7700806 0.86328125 0.089416504 0.0040283203 3.6884155 3.0674438 0.18249512 0.7406616 3.9967651 0.65844727 3.8666382 
3.9367065 0.5897217 3.8746338 3.204712 3.585083 0.81073 0.41015625 3.9520874 0.45410156 3.3710327 0.5206299 0.35650635 0.44030762 3.7700806 0.8632202 0.089416504 0.0040283203 3.6883545 3.0674438 0.18249512 0.7406616 3.9967651 0.65844727 3.8666382 
3.9367065 0.58984375 3.8745728 3.204834 3.585083 0.81073 0.41015625 3.9520874 0.45404053 3.3710327 0.5206909 0.35650635 0.44049072 3.7700806 0.8631592 0.089538574 0.0040283203 3.6884155 3.0674438 0.18249512 0.7406616 3.9967651 0.65844727 3.8666382 
3.9367065 0.5899048 3.8745728 3.204834 3.585083 0.81073 0.41015625 3.9520874 0.45404053 3.3710327 0.5206909 0.35656738 0.44055176 3.7700806 0.86309814 0.08959961 0.0040283203 3.6884155 3.0674438 0.18249512 0.7406616 3.9967651 0.65844727 3.8666382 
3.9367065 0.5899658 3.8745117 3.204895 3.585083 0.81073 0.41015625 3.9520874 0.45404053 3.3710327 0.5206909 0.35656738 0.44055176 3.7700806 0.86309814 0.08959961 0.0040283203 3.6884155 3.0674438 0.18249512 0.7406616 3.9967651 0.65844727 3.8666382 
3.9371338 0.5913696 3.8739014 3.2059937 3.585144 0.81073 0.4102173 3.9521484 0.45404053 3.3710938 0.52075195 0.35656738 0.4411621 3.7701416 0.86279297 0.089660645 0.0040283203 3.6883545 3.0674438 0.18255615 0.7406616 3.9968262 0.65844727 3.8666992 
3.9371948 0.59143066 3.8738403 3.2060547 3.585144 0.81073 0.4102173 3.9521484 0.45404053 3.3710938 0.52075195 0.35656738 0.4411621 3.7701416 0.86279297 0.089660645 0.0040893555 3.6883545 3.0674438 0.18255615 0.7406616 3.9968262 0.65844727 3.8666992 
3.9371948 0.5914917 3.8738403 3.2060547 3.585144 0.81073 0.4102173 3.9521484 0.45404053 3.3710938 0.52075195 0.35656738 0.4411621 3.7701416 0.86279297 0.08959961 0.0040893555 3.6883545 3.0674438 0.18255615 0.7406616 3.9968262 0.65844727 3.8666992 
3.9372559 0.5914917 3.8737793 3.2061157 3.585144 0.81073 0.4102173 3.9521484 0.45404053 3.3710938 0.5206909 0.35656738 0.4411621 3.7701416 0.86279297 0.08959961 0.0040893555 3.6883545 3.0674438 0.18255615 0.7406616 3.9968262 0.65844727 3.8666992 
3.9372559 0.59155273 3.8737793 3.2061157 3.585205 0.81073 0.4102173 3.9522095 0.4539795 3.3710938 0.5206909 0.35656738 0.4411621 3.7701416 0.86279297 0.08959961 0.0040893555 3.6883545 3.0674438 0.18255615 0.7406616 3.9967651 0.65844727 3.8666992 
3.9372559 0.59155273 3.8737793 3.2061768 3.585205 0.81073 0.4102173 3.9522095 0.4539795 3.3710938 0.52075195 0.35656738 0.4411621 3.7701416 0.86279297 0.08959961 0.0040893555 3.6883545 3.0674438 0.18255615 0.7406616 3.9967651 0.65844727 3.8666992 
3.9372559 0.59161377 3.8737183 3.2061768 3.585205 0.81073 0.4102173 3.9522095 0.4539795 3.3710938 0.52075195 0.35656738 0.4411621 3.7701416 0.86279297 0.089538574 0.0040893555 3.6883545 3.0674438 0.18255615 0.7406616 3.9967651 0.65844727 3.8666992 
3.9372559 0.59161377 3.8737183 3.2061768 3.585205 0.81073 0.4102173 3.9522095 0.4539795 3.3710938 0.52075195 0.35656738 0.4411621 3.7701416 0.862854 0.089538574 0.0040893555 3.6883545 3.0674438 0.18255615 0.7406616 3.9967651 0.65844727 3.8666992 
3.9372559 0.59161377 3.8737183 3.2062378 3.585205 0.81073 0.4102173 3.9522095 0.45404053 3.3710938 0.52075195 0.35656738 0.44110107 3.7701416 0.862854 0.08947754 0.0040893555 3.6883545 3.0674438 0.18255615 0.7406616 3.9967651 0.65844727 3.8666992 
3.9372559 0.5916748 3.8737183 3.2062378 3.585205 0.81073 0.4102173 3.9522095 0.45404053 3.3710938 0.52075195 0.35656738 0.44110107 3.7702026 0.862854 0.08947754 0.0040893555 3.6883545 3.0674438 0.18255615 0.7406616 3.9967651 0.65844727 3.8666382 
3.9372559 0.5916748 3.8737183 3.2062378 3.585205 0.81073 0.4102173 3.9522095 0.4539795 3.3710938 0.52075195 0.35656738 0.44110107 3.7702026 0.862854 0.089416504 0.0040893555 3.6883545 3.0674438 0.18255615 0.7406616 3.9967651 0.65844727 3.8666382 
3.937317 0.5916748 3.8736572 3.2062378 3.585205 0.810791 0.4102173 3.9522095 0.4539795 3.3710938 0.52075195 0.35656738 0.44104004 3.7702026 0.86291504 0.089416504 0.0040893555 3.6883545 3.0674438 0.18255615 0.7406616 3.9967651 0.65844727 3.8666382 
3.937317 0.5916748 3.8736572 3.2062378 3.585205 0.810791 0.4102173 3.9522095 0.4539795 3.3710938 0.52075195 0.35656738 0.44110107 3.7701416 0.862854 0.089416504 0.0040893555 3.6883545 3.0674438 0.18255615 0.7406616 3.9967651 0.65844727 3.8666992 
3.937378 0.5916748 3.8735352 3.2062988 3.585205 0.810791 0.4102173 3.9522095 0.4539795 3.3710938 0.520813 0.35656738 0.44110107 3.7702026 0.86291504 0.0892334 0.0040893555 3.6883545 3.0674438 0.18255615 0.7406616 3.9967651 0.65844727 3.8666992 
3.937378 0.5916748 3.8735352 3.2062988 3.585205 0.810791 0.4102173 3.9522095 0.45391846 3.3710938 0.52075195 0.35656738 0.44110107 3.7702026 0.86291504 0.0892334 0.0040893555 3.6883545 3.0674438 0.18255615 0.7406616 3.9967651 0.65844727 3.8666992 
3.937378 0.5916748 3.8735352 3.2062988 3.585205 0.810791 0.4102173 3.9522095 0.45391846 3.3710938 0.52075195 0.35662842 0.44104004 3.7702026 0.86291504 0.0892334 0.0040893555 3.6883545 3.0674438 0.18255615 0.7406616 3.9967651 0.65844727 3.8666992 
3.937378 0.5916748 3.8735352 3.2062988 3.585266 0.810791 0.4102173 3.9522705 0.45391846 3.3710938 0.520813 0.35662842 0.44110107 3.7702026 0.86291504 0.0892334 0.0040893555 3.6883545 3.0674438 0.18255615 0.7406616 3.9967651 0.65844727 3.8666992 
3.937378 0.5916748 3.8734741 3.2062988 3.585266 0.810791 0.4102173 3.9522705 0.45391846 3.3710938 0.520813 0.35656738 0.44110107 3.7702026 0.86291504 0.0892334 0.0040893555 3.6883545 3.0674438 0.18255615 0.7406616 3.9967651 0.65844727 3.8666992 
3.937378 0.5916748 3.8734741 3.2062378 3.585266 0.810791 0.4102173 3.9522705 0.45391846 3.3710938 0.520813 0.35656738 0.44110107 3.7702026 0.86291504 0.08917236 0.0040893555 3.6883545 3.0674438 0.18255615 0.7406616 3.9967651 0.65844727 3.8666382 
3.937378 0.5916748 3.8734741 3.2062378 3.585266 0.810791 0.4102173 3.9522705 0.45391846 3.3710938 0.520813 0.35656738 0.44110107 3.7702026 0.86291504 0.08917236 0.0040893555 3.6883545 3.0674438 0.18255615 0.7406616 3.9968262 0.65844727 3.8666992 
3.937378 0.5916748 3.8734741 3.2062378 3.585266 0.810791 0.4102173 3.9522705 0.45391846 3.3710938 0.520813 0.35656738 0.44110107 3.7702637 0.86291504 0.08917236 0.0040893555 3.6883545 3.0674438 0.18255615 0.7406616 3.9968262 0.65844727 3.8666992 
3.937378 0.59161377 3.8734741 3.2062378 3.585266 0.810791 0.4102173 3.9522705 0.45391846 3.3710938 0.520813 0.35656738 0.44110107 3.7702637 0.86291504 0.08917236 0.0040893555 3.6883545 3.0674438 0.18255615 0.7406616 3.9968262 0.65844727 3.8666992 
3.937378 0.59161377 3.8734741 3.2062378 3.5853271 0.810791 0.41027832 3.9523315 0.45391846 3.3710938 0.520813 0.35656738 0.4411621 3.7702637 0.86291504 0.08917236 0.0040893555 3.6883545 3.0674438 0.18255615 0.7406616 3.9968262 0.65844727 3.8666992 
3.937439 0.59161377 3.8734741 3.2062378 3.585266 0.810791 0.4102173 3.9522705 0.45391846 3.3710938 0.520813 0.35656738 0.4411621 3.7702637 0.862854 0.08917236 0.0040893555 3.6883545 3.0674438 0.18255615 0.7406616 3.9968262 0.65844727 3.8666382 
3.937439 0.59161377 3.873413 3.2062378 3.585266 0.810791 0.4102173 3.9522705 0.45391846 3.3710938 0.520813 0.35656738 0.4411621 3.7702637 0.862854 0.0892334 0.0040893555 3.6883545 3.0674438 0.18255615 0.7406616 3.9967651 0.65844727 3.8666382 
3.937439 0.59161377 3.873413 3.2061768 3.5853271 0.810791 0.4102173 3.9523315 0.45391846 3.3710938 0.520813 0.35656738 0.44122314 3.7702637 0.862854 0.0892334 0.0040893555 3.6883545 3.0674438 0.18255615 0.7406616 3.9967651 0.65844727 3.8666382 
3.937439 0.59155273 3.873413 3.2061768 3.585266 0.810791 0.4102173 3.9522705 0.45391846 3.3710938 0.520813 0.35656738 0.44122314 3.7702637 0.862854 0.0892334 0.0040893555 3.6883545 3.0674438 0.18255615 0.7406616 3.9967651 0.65844727 3.8666382 
3.937439 0.5914917 3.873413 3.2061768 3.5853271 0.810791 0.4102173 3.9523315 0.45391846 3.3710938 0.520813 0.35656738 0.44128418 3.7703247 0.862854 0.0892334 0.0040893555 3.6883545 3.0674438 0.18255615 0.7406616 3.9967651 0.65844727 3.8666382 
3.937439 0.5914917 3.873413 3.2061157 3.585266 0.810791 0.4102173 3.9523315 0.45391846 3.3710938 0.520813 0.35656738 0.44128418 3.7703247 0.862854 0.0892334 0.0040893555 3.6883545 3.0674438 0.18255615 0.7406616 3.9967651 0.65844727 3.8666382 
3.937439 0.5914917 3.873413 3.2061157 3.585266 0.810791 0.4102173 3.9523315 0.45391846 3.3710938 0.520813 0.35656738 0.44128418 3.7703247 0.862854 0.08929443 0.0040893555 3.6883545 3.0674438 0.18255615 0.7406616 3.9967651 0.65844727 3.8666382 
3.937439 0.5914917 3.873352 3.2061157 3.585266 0.810791 0.4102173 3.9522705 0.45391846 3.3710938 0.520813 0.35656738 0.4413452 3.7703247 0.86279297 0.08929443 0.0040893555 3.6883545 3.0674438 0.18255615 0.7406616 3.9967651 0.65844727 3.8666382 
3.937439 0.5914917 3.873352 3.2061157 3.585266 0.810791 0.4102173 3.9522705 0.45391846 3.3710938 0.520813 0.35656738 0.4413452 3.7703247 0.86279297 0.08935547 0.0040893555 3.6883545 3.0674438 0.18249512 0.7406616 3.9968262 0.65844727 3.8666382 
3.937439 0.5914917 3.873352 3.2061768 3.585266 0.810791 0.4102173 3.9522705 0.45391846 3.3710938 0.520813 0.35656738 0.44140625 3.7703247 0.86279297 0.08935547 0.0040893555 3.6883545 3.0674438 0.18249512 0.7406616 3.9968262 0.65844727 3.8666382 
3.937439 0.5914917 3.873352 3.2061157 3.585266 0.810791 0.4102173 3.9522705 0.45391846 3.3710938 0.520813 0.35656738 0.44140625 3.7703247 0.86273193 0.08935547 0.0040893555 3.6883545 3.0674438 0.18249512 0.7406616 3.9968262 0.65844727 3.8666382 
3.937439 0.59143066 3.873291 3.2061157 3.585266 0.810791 0.41027832 3.9522705 0.45391846 3.3711548 0.520813 0.35656738 0.4414673 3.7703857 0.86273193 0.089416504 0.0040893555 3.6883545 3.0674438 0.18255615 0.7406616 3.9968262 0.65844727 3.8666992 
3.937439 0.59143066 3.873352 3.2061157 3.585266 0.810791 0.41027832 3.9522705 0.45391846 3.3711548 0.520813 0.35656738 0.4414673 3.7703857 0.86273193 0.089416504 0.0040893555 3.6883545 3.0674438 0.18249512 0.7406616 3.9968262 0.65844727 3.8666382 
3.937439 0.59143066 3.873352 3.2061157 3.5853271 0.810791 0.41027832 3.9523315 0.45391846 3.3710938 0.520813 0.35656738 0.44152832 3.7703857 0.86273193 0.089416504 0.0040893555 3.6883545 3.0674438 0.18249512 0.7406616 3.9968262 0.65844727 3.8666382 
3.9375 0.59143066 3.873352 3.2060547 3.5853271 0.810791 0.41027832 3.9523315 0.45391846 3.3710938 0.520813 0.35656738 0.44152832 3.7703857 0.86273193 0.08947754 0.0040893555 3.6883545 3.0674438 0.18249512 0.7406616 3.9968262 0.65844727 3.8666992 
3.9375 0.59143066 3.873291 3.2060547 3.5853271 0.810791 0.41027832 3.9522705 0.45391846 3.3710938 0.520813 0.35656738 0.44158936 3.7703857 0.8626709 0.08947754 0.0040893555 3.6883545 3.0674438 0.18255615 0.7406616 3.9968262 0.65844727 3.8666992 
3.9375 0.59143066 3.873291 3.2061157 3.5853271 0.810791 0.41027832 3.9522705 0.45391846 3.3710938 0.520813 0.35656738 0.4416504 3.7703857 0.8626709 0.089538574 0.0040893555 3.6883545 3.0674438 0.18249512 0.74072266 3.9968262 0.65838623 3.8666992 
3.9375 0.59143066 3.873291 3.2061157 3.585266 0.810791 0.41027832 3.9522705 0.45391846 3.3710938 0.520813 0.35656738 0.4416504 3.7703857 0.86260986 0.08959961 0.0040893555 3.6883545 3.0674438 0.18249512 0.74072266 3.9968262 0.65838623 3.8666992 
3.9375 0.59143066 3.873291 3.2061157 3.585266 0.810791 0.41027832 3.9522705 0.45391846 3.3710938 0.520813 0.35656738 0.44171143 3.7703857 0.86260986 0.08959961 0.0040893555 3.6883545 3.0674438 0.18249512 0.74072266 3.9968262 0.65838623 3.8666992 
3.9375 0.59143066 3.87323 3.2061157 3.585266 0.810791 0.41027832 3.9522705 0.45391846 3.3710938 0.520813 0.35656738 0.44177246 3.7703857 0.8625488 0.089660645 0.0040893555 3.6883545 3.0674438 0.18249512 0.74072266 3.9968262 0.65838623 3.8666992 
3.937561 0.59173584 3.8730469 3.2063599 3.5853882 0.81085205 0.41033936 3.9523926 0.45391846 3.3711548 0.520874 0.35662842 0.44244385 3.7705078 0.8621826 0.090270996 0.0040893555 3.6883545 3.067505 0.18249512 0.7406616 3.9968262 0.65844727 3.8666992 
3.937561 0.5917969 3.8730469 3.206421 3.5853882 0.810791 0.41033936 3.9523926 0.45391846 3.3711548 0.520874 0.35662842 0.44250488 3.7705078 0.8621826 0.09033203 0.0040893555 3.6882935 3.067505 0.18249512 0.7406616 3.9968262 0.65844727 3.8666992 
3.937561 0.5918579 3.8730469 3.206421 3.5853882 0.810791 0.41033936 3.9523315 0.45391846 3.3711548 0.520874 0.35662842 0.44250488 3.7705078 0.8621216 0.09033203 0.0040893555 3.6882935 3.067505 0.18249512 0.7406616 3.9968262 0.65844727 3.8666382 
3.937561 0.5918579 3.8729858 3.206482 3.5853882 0.810791 0.41033936 3.9523315 0.45391846 3.3711548 0.520813 0.35662842 0.44256592 3.7705078 0.8621216 0.09039307 0.0040893555 3.6882935 3.067505 0.18249512 0.74072266 3.9968262 0.65838623 3.8666992 
3.937561 0.59191895 3.8729858 3.206482 3.5853882 0.810791 0.41033936 3.9523315 0.45391846 3.3711548 0.520874 0.35662842 0.44256592 3.7705078 0.8621216 0.09039307 0.0040893555 3.6882935 3.067505 0.18249512 0.74072266 3.9968262 0.65838623 3.8666382 
3.937561 0.59198 3.8729858 3.206543 3.5853882 0.810791 0.41033936 3.9523315 0.45391846 3.3712158 0.520874 0.35662842 0.44262695 3.7705078 0.8621216 0.09039307 0.0040893555 3.6882935 3.067505 0.18249512 0.74072266 3.9968262 0.65838623 3.8666382 
3.937622 0.59198 3.8729858 3.206543 3.5853882 0.810791 0.41033936 3.9523315 0.45391846 3.3712158 0.520874 0.35662842 0.44262695 3.7705688 0.8621216 0.09039307 0.0040893555 3.6882935 3.067505 0.18249512 0.7406616 3.9967651 0.65844727 3.8666382 
3.937622 0.592041 3.8729858 3.206604 3.5854492 0.81085205 0.41033936 3.9523315 0.45391846 3.3712158 0.52093506 0.35662842 0.44262695 3.7705688 0.8621216 0.09039307 0.0040893555 3.6882935 3.067505 0.18249512 0.7406616 3.9967651 0.65844727 3.8666382 
3.937622 0.592041 3.8729858 3.206604 3.5854492 0.81085205 0.41033936 3.9523315 0.45391846 3.3711548 0.520874 0.35662842 0.44262695 3.7705688 0.8621216 0.09039307 0.0041503906 3.6882935 3.067505 0.18249512 0.7406616 3.9968262 0.65844727 3.8666382 
3.937622 0.59210205 3.8729248 3.206604 3.5854492 0.81085205 0.41033936 3.9523926 0.45391846 3.3711548 0.520874 0.35662842 0.44262695 3.7705688 0.8621216 0.09039307 0.0041503906 3.6882935 3.067505 0.18249512 0.7406616 3.9967651 0.65844727 3.8666382 
3.937683 0.5922241 3.8728638 3.206726 3.5853882 0.810791 0.41033936 3.9523315 0.45385742 3.3712158 0.52093506 0.35668945 0.442688 3.7705078 0.86206055 0.09039307 0.0041503906 3.6882935 3.067505 0.18255615 0.74072266 3.9967651 0.65838623 3.8666382 
3.937683 0.59228516 3.8728638 3.206787 3.5853882 0.810791 0.41033936 3.9523315 0.45385742 3.3712158 0.52093506 0.35668945 0.442688 3.7705078 0.86206055 0.09039307 0.0041503906 3.6882935 3.067505 0.18255615 0.74072266 3.9967651 0.65838623 3.8666382 
3.937683 0.59228516 3.8728638 3.206787 3.5854492 0.810791 0.41033936 3.9523315 0.45385742 3.3712158 0.52093506 0.35668945 0.442688 3.7705078 0.86206055 0.09039307 0.0041503906 3.6882935 3.067505 0.18249512 0.74072266 3.9967651 0.65838623 3.8666382 
3.937683 0.5923462 3.8728638 3.2068481 3.5854492 0.81085205 0.41033936 3.9523315 0.45385742 3.3712158 0.52093506 0.35668945 0.442688 3.7705688 0.86206055 0.09039307 0.0041503906 3.6882935 3.067505 0.18249512 0.74072266 3.9967651 0.65838623 3.8666382 
3.937683 0.5923462 3.8728638 3.2068481 3.5854492 0.81085205 0.41033936 3.9523926 0.45385742 3.3712158 0.52093506 0.35668945 0.442688 3.7705688 0.86206055 0.09039307 0.0041503906 3.6882324 3.067505 0.18249512 0.74072266 3.9967651 0.65838623 3.8666382 
3.9377441 0.5924072 3.8728638 3.2068481 3.5854492 0.81085205 0.41033936 3.9523926 0.45385742 3.3712158 0.52093506 0.35668945 0.44244385 3.7705688 0.86224365 0.089904785 0.0041503906 3.6882324 3.067505 0.18249512 0.74072266 3.9967651 0.65838623 3.8666382 
3.9379272 0.59277344 3.8726196 3.2071533 3.5855713 0.81085205 0.4104004 3.9523926 0.45385742 3.3712158 0.52093506 0.35668945 0.44244385 3.7705688 0.86224365 0.08984375 0.0041503906 3.6882324 3.067505 0.18255615 0.74072266 3.9968262 0.6583252 3.8666382 
3.9379272 0.5927124 3.8726196 3.2071533 3.5856323 0.8109131 0.4104004 3.9523926 0.45385742 3.3712158 0.52093506 0.35668945 0.44244385 3.7705688 0.86224365 0.08984375 0.0041503906 3.6882324 3.067505 0.18255615 0.7407837 3.9968262 0.6583252 3.8666382 
3.9379272 0.5927124 3.8726196 3.2071533 3.5856323 0.8109131 0.4104004 3.9524536 0.45385742 3.3712158 0.52093506 0.3567505 0.44244385 3.7705688 0.86224365 0.08984375 0.0041503906 3.6882324 3.067505 0.18249512 0.7407837 3.9968262 0.6583252 3.8666382 
3.9379272 0.59259033 3.8725586 3.2070923 3.5856934 0.8109131 0.4104004 3.9524536 0.4537964 3.3712769 0.5209961 0.3567505 0.44244385 3.7705688 0.86224365 0.089782715 0.0041503906 3.6882324 3.067505 0.18255615 0.74072266 3.9968872 0.6583252 3.8666382 
3.9379272 0.59259033 3.8725586 3.2070312 3.5856934 0.8109131 0.4104004 3.9524536 0.4537964 3.3712769 0.5209961 0.3567505 0.44244385 3.7705688 0.86224365 0.089782715 0.0041503906 3.6882324 3.067505 0.18255615 0.74072266 3.9968872 0.6583252 3.8666382 
3.9379272 0.59259033 3.8725586 3.2070312 3.5856934 0.8109131 0.4104004 3.9524536 0.4537964 3.3712769 0.5209961 0.3567505 0.44244385 3.7705688 0.86224365 0.089782715 0.0041503906 3.6882324 3.067505 0.18255615 0.74072266 3.9968262 0.6583252 3.8666382 
3.9379272 0.59259033 3.8725586 3.2070312 3.5856934 0.8109131 0.4104004 3.9524536 0.4537964 3.3712769 0.5209961 0.3567505 0.44244385 3.77063 0.86224365 0.089782715 0.0041503906 3.6882324 3.067505 0.18255615 0.74072266 3.9968262 0.6583252 3.8666382 
3.9379272 0.5925293 3.8725586 3.2070312 3.5856934 0.8109131 0.4104004 3.9524536 0.4537964 3.3712769 0.5209961 0.3567505 0.44244385 3.77063 0.86224365 0.089782715 0.0041503906 3.6882324 3.067505 0.18255615 0.74072266 3.9968262 0.65838623 3.8666382 
3.9379272 0.5925293 3.8725586 3.2070312 3.5856934 0.8109131 0.4104004 3.9524536 0.4537964 3.3712769 0.5209961 0.3567505 0.44244385 3.77063 0.86224365 0.089782715 0.0041503906 3.6882324 3.067505 0.18255615 0.74072266 3.9968262 0.65838623 3.8666382 
3.9379272 0.5925293 3.8725586 3.2070312 3.5856934 0.8109131 0.4104004 3.9524536 0.4537964 3.3712769 0.5209961 0.3567505 0.44244385 3.77063 0.86224365 0.089782715 0.0041503906 3.6882324 3.067505 0.18255615 0.74072266 3.9968262 0.65838623 3.8666382 
3.9379272 0.5925293 3.8725586 3.2069702 3.5856934 0.8109131 0.4104004 3.9524536 0.4537964 3.3712769 0.5209961 0.3567505 0.44244385 3.77063 0.86224365 0.089782715 0.0041503906 3.6882324 3.067505 0.18255615 0.74072266 3.9968262 0.65838623 3.8666382 
3.9379272 0.5925293 3.8725586 3.2069702 3.5856934 0.8109131 0.4104004 3.9524536 0.4537964 3.3712769 0.5209961 0.3567505 0.44250488 3.77063 0.86224365 0.089782715 0.0041503906 3.6882324 3.067505 0.18255615 0.74072266 3.9968262 0.65838623 3.8666382 
3.9379272 0.59246826 3.8725586 3.2069702 3.5856934 0.8109131 0.4104004 3.9524536 0.4537964 3.3712769 0.5209961 0.3567505 0.44250488 3.77063 0.86224365 0.089782715 0.0041503906 3.6882324 3.067505 0.18255615 0.74072266 3.9968872 0.65838623 3.8666382 
3.9379272 0.59246826 3.8725586 3.2069702 3.5856934 0.8109131 0.4104004 3.9524536 0.4537964 3.3712769 0.5209961 0.3567505 0.44250488 3.77063 0.86224365 0.08984375 0.0041503906 3.6882324 3.067505 0.18255615 0.74072266 3.9968872 0.65838623 3.8666382 
3.9379272 0.5924072 3.8725586 3.2069092 3.5857544 0.8109131 0.41046143 3.9524536 0.4537964 3.3712769 0.5210571 0.3567505 0.44256592 3.77063 0.8621826 0.08984375 0.0041503906 3.6882324 3.067505 0.18255615 0.74072266 3.9968872 0.65838623 3.8666992 
3.9379272 0.5924072 3.8725586 3.2069092 3.5857544 0.8109131 0.41046143 3.9524536 0.4537964 3.3712769 0.5209961 0.3567505 0.44256592 3.77063 0.8621826 0.08984375 0.0041503906 3.6882324 3.067505 0.18255615 0.74072266 3.9968872 0.65838623 3.8666992 
3.9379272 0.5924072 3.8725586 3.2069092 3.5856934 0.8109131 0.41046143 3.9523926 0.4537964 3.3712769 0.5209961 0.3567505 0.44256592 3.77063 0.8621826 0.08984375 0.0041503906 3.6882324 3.067505 0.18255615 0.74072266 3.9968872 0.65838623 3.8666992 
3.9379272 0.5924072 3.8725586 3.2069092 3.5857544 0.8109131 0.41046143 3.9524536 0.4537964 3.3712158 0.5209961 0.3567505 0.44262695 3.77063 0.8621826 0.089904785 0.0041503906 3.6882324 3.067505 0.18255615 0.74072266 3.9968872 0.65838623 3.8666992 
3.9379272 0.5924072 3.8725586 3.2069092 3.5857544 0.8109131 0.41046143 3.9524536 0.4537964 3.3712158 0.5209961 0.3567505 0.44262695 3.77063 0.8621826 0.089904785 0.0041503906 3.6882324 3.067505 0.18255615 0.74072266 3.9968872 0.65838623 3.8666992 
3.9379272 0.5924072 3.8725586 3.2069092 3.5857544 0.8109131 0.41046143 3.9524536 0.4537964 3.3712158 0.5209961 0.3567505 0.442688 3.77063 0.8621216 0.089904785 0.0041503906 3.6882324 3.067505 0.18255615 0.74072266 3.9968872 0.65838623 3.8666992 
3.9379272 0.5924072 3.8724976 3.2069092 3.5857544 0.8109741 0.41046143 3.9524536 0.4537964 3.3712158 0.5209961 0.3567505 0.442688 3.77063 0.8621216 0.08996582 0.0041503906 3.6882324 3.067505 0.18255615 0.74072266 3.9968872 0.65838623 3.8666992 
3.9379272 0.5923462 3.8724976 3.2069092 3.5858154 0.8109741 0.41046143 3.9524536 0.4537964 3.3712769 0.5209961 0.3567505 0.442688 3.77063 0.8621216 0.08996582 0.0041503906 3.6882324 3.067505 0.18255615 0.74072266 3.9968872 0.65838623 3.8666992 
3.9378662 0.5923462 3.8724976 3.2068481 3.5857544 0.8109131 0.41046143 3.9524536 0.4537964 3.3712769 0.5209961 0.3567505 0.44274902 3.77063 0.8621216 0.08996582 0.0041503906 3.6882324 3.067505 0.18255615 0.74072266 3.9968872 0.65838623 3.8666992 
3.9378662 0.5923462 3.8725586 3.2068481 3.5858154 0.8109741 0.41046143 3.9524536 0.4537964 3.3712769 0.5209961 0.3567505 0.44281006 3.77063 0.86206055 0.090026855 0.0041503906 3.6882324 3.067505 0.18255615 0.74072266 3.9968872 0.65838623 3.8666992 
3.9378662 0.5923462 3.8725586 3.2068481 3.5857544 0.8109741 0.41046143 3.9524536 0.4537964 3.3712158 0.5209961 0.3567505 0.44281006 3.77063 0.86206055 0.090026855 0.0041503906 3.6882324 3.067505 0.18255615 0.74072266 3.9968872 0.65838623 3.8666992 
3.9379272 0.59228516 3.8725586 3.2068481 3.5857544 0.8109741 0.41046143 3.9524536 0.4537964 3.3712158 0.5209961 0.3567505 0.44281006 3.77063 0.86206055 0.09008789 0.0041503906 3.6882324 3.067505 0.18255615 0.74072266 3.9968872 0.65838623 3.8666992 
3.9378662 0.59228516 3.8725586 3.2068481 3.5858154 0.8109741 0.41046143 3.9524536 0.4537964 3.3712158 0.5209961 0.3567505 0.4428711 3.77063 0.8619995 0.09008789 0.0041503906 3.6882324 3.067505 0.18255615 0.74072266 3.9968872 0.65838623 3.8666992 
3.9379272 0.5923462 3.8724976 3.2068481 3.5858154 0.8109741 0.41046143 3.9524536 0.4537964 3.3712158 0.5209961 0.3567505 0.4428711 3.77063 0.8619995 0.090148926 0.0041503906 3.6882324 3.067505 0.18255615 0.74072266 3.9968872 0.65838623 3.8666992 
3.9378662 0.59228516 3.8724976 3.2068481 3.5857544 0.8109741 0.41046143 3.9524536 0.4537964 3.3712769 0.5209961 0.3567505 0.44293213 3.77063 0.8619995 0.090148926 0.0041503906 3.6882324 3.067505 0.18255615 0.74072266 3.9968872 0.65838623 3.8666992 
3.9379272 0.59228516 3.8724976 3.2068481 3.5858154 0.8109741 0.41046143 3.9524536 0.4537964 3.3712769 0.5209961 0.3567505 0.44293213 3.770691 0.8619995 0.09020996 0.0041503906 3.6882324 3.067505 0.18255615 0.74072266 3.9968872 0.65838623 3.8666992 
3.9379272 0.5923462 3.8724976 3.2068481 3.5858154 0.8109741 0.41046143 3.9524536 0.4537964 3.3712769 0.5209961 0.3567505 0.44293213 3.770691 0.8619995 0.09020996 0.0041503906 3.6882324 3.067505 0.18255615 0.74072266 3.9968872 0.65838623 3.8666992 
3.9379272 0.5923462 3.8724976 3.2068481 3.5858154 0.8109741 0.4104004 3.9524536 0.4537964 3.3712769 0.5209961 0.3567505 0.44299316 3.770691 0.8619385 0.090270996 0.0041503906 3.6882324 3.067505 0.18255615 0.74072266 3.9968872 0.65838623 3.8666992 
3.9379272 0.5923462 3.8724976 3.2068481 3.5858154 0.8109741 0.41046143 3.9524536 0.4537964 3.3712769 0.5209961 0.3567505 0.44299316 3.770691 0.8619385 0.090270996 0.0041503906 3.6882324 3.067505 0.18255615 0.74072266 3.9968872 0.65838623 3.8666992 
3.9379272 0.5923462 3.8724976 3.2068481 3.5858154 0.8109741 0.41046143 3.9524536 0.4537964 3.3712769 0.5209961 0.3567505 0.4430542 3.770691 0.8619385 0.090270996 0.0041503906 3.6882324 3.067505 0.18255615 0.74072266 3.9968872 0.65838623 3.8666992 
3.9380493 0.59277344 3.8723145 3.2072144 3.5858765 0.81103516 0.41046143 3.9524536 0.45373535 3.3712769 0.5210571 0.35681152 0.4434204 3.770752 0.86169434 0.09063721 0.0041503906 3.6882324 3.067505 0.18255615 0.74072266 3.9968872 0.6583252 3.8666992 
3.9380493 0.59277344 3.8723145 3.2072144 3.5858765 0.8109741 0.41046143 3.9523926 0.45373535 3.3712769 0.5210571 0.35681152 0.4434204 3.770691 0.86169434 0.09063721 0.0041503906 3.6882324 3.067505 0.18255615 0.74072266 3.9968872 0.65838623 3.8666992 
3.9380493 0.5928345 3.8723145 3.2072754 3.5858154 0.8109741 0.41046143 3.9523926 0.45373535 3.3712769 0.5210571 0.35681152 0.4434204 3.770691 0.86169434 0.09063721 0.0041503906 3.6882324 3.067505 0.18255615 0.74072266 3.9968872 0.65838623 3.8666992 
3.9380493 0.5928345 3.8723145 3.2072754 3.5858154 0.8109741 0.41046143 3.9523926 0.45373535 3.3712769 0.5210571 0.35681152 0.4434204 3.770691 0.86169434 0.09063721 0.0041503906 3.6882324 3.067505 0.18255615 0.74072266 3.9968872 0.65838623 3.8666992 
3.9380493 0.5928345 3.8723145 3.2072754 3.5858154 0.8109741 0.41046143 3.9523926 0.45373535 3.3712769 0.5210571 0.35681152 0.4434204 3.770691 0.86169434 0.09063721 0.0041503906 3.6882324 3.067505 0.18255615 0.74072266 3.9968872 0.65838623 3.8666992 
3.9380493 0.5928955 3.8723145 3.2073364 3.5858765 0.8109741 0.41046143 3.9524536 0.45367432 3.3712769 0.5210571 0.35681152 0.4434204 3.770752 0.86169434 0.09063721 0.0041503906 3.6882324 3.067505 0.18255615 0.7407837 3.9968872 0.6583252 3.8666992 
3.9380493 0.5928955 3.8723145 3.2073364 3.5858765 0.8109741 0.41046143 3.9524536 0.45367432 3.3712769 0.5210571 0.35681152 0.4434204 3.770691 0.86169434 0.09063721 0.0041503906 3.6882324 3.067505 0.18255615 0.7407837 3.9968872 0.6583252 3.8666992 
3.9380493 0.59295654 3.8723145 3.2073364 3.5858765 0.8109741 0.41046143 3.9524536 0.45367432 3.3712769 0.5210571 0.35681152 0.4434204 3.770691 0.86169434 0.09063721 0.0041503906 3.6881714 3.067505 0.18255615 0.7407837 3.9968872 0.6583252 3.8666992 
3.9380493 0.59295654 3.8723145 3.2073975 3.5858765 0.8109741 0.41046143 3.9524536 0.45367432 3.3712769 0.5210571 0.35681152 0.44335938 3.770691 0.86169434 0.09063721 0.0041503906 3.6881714 3.067505 0.18255615 0.7407837 3.9968872 0.6583252 3.8666992 
3.9380493 0.5930176 3.8722534 3.2073975 3.5858765 0.8109741 0.41046143 3.9524536 0.45367432 3.3712769 0.5210571 0.35681152 0.44335938 3.770691 0.86169434 0.09063721 0.0041503906 3.6881714 3.067505 0.18255615 0.7407837 3.9968872 0.6583252 3.8666992 
3.9381104 0.5930176 3.8722534 3.2073975 3.5858154 0.8109741 0.41046143 3.9524536 0.45367432 3.3712769 0.5210571 0.35681152 0.4434204 3.770691 0.86169434 0.09057617 0.0041503906 3.6881714 3.067505 0.18255615 0.7407837 3.9968872 0.6583252 3.8666992 
3.9381104 0.5930176 3.8722534 3.2073975 3.5858154 0.8109741 0.41046143 3.9523926 0.45367432 3.3712769 0.5210571 0.35681152 0.4434204 3.770691 0.86169434 0.09057617 0.0041503906 3.6881714 3.067505 0.18255615 0.7407837 3.9968872 0.6583252 3.8666992 
3.9381104 0.5930786 3.8722534 3.2074585 3.5858154 0.8109741 0.41046143 3.9523926 0.45367432 3.3712769 0.5210571 0.35681152 0.44335938 3.770691 0.86169434 0.09057617 0.0041503906 3.6881714 3.067505 0.18255615 0.7407837 3.9968872 0.6583252 3.8666992 
3.9381104 0.5930786 3.8722534 3.2074585 3.5858154 0.8109741 0.41046143 3.9523926 0.45367432 3.3712769 0.5210571 0.35681152 0.44335938 3.770691 0.8617554 0.09057617 0.0041503906 3.6881714 3.067505 0.18255615 0.7407837 3.9968872 0.6583252 3.8666992 
3.9381104 0.59313965 3.8721924 3.2074585 3.5858765 0.8109741 0.41046143 3.9524536 0.45367432 3.3712769 0.5210571 0.35687256 0.44335938 3.770691 0.8617554 0.09051514 0.0041503906 3.6881104 3.067566 0.18261719 0.7407837 3.9968872 0.6583252 3.8666992 
3.9381104 0.59313965 3.8721924 3.2075195 3.5858765 0.8109741 0.41046143 3.9524536 0.45367432 3.3712769 0.5210571 0.35687256 0.44329834 3.770691 0.8617554 0.09051514 0.0041503906 3.6881104 3.067566 0.18261719 0.7407837 3.9968872 0.6583252 3.8666992 
3.9381104 0.59313965 3.8721924 3.2075195 3.5858765 0.8109741 0.41046143 3.9524536 0.34436035 1.5632324 2.576294 1.3466797 0.44329834 3.770691 0.8617554 0.0904541 0.0041503906 3.6881104 3.067566 0.18267822 0.7407837 3.9968872 0.6583252 3.8666992 
3.9381714 0.59313965 3.8721924 3.2075195 3.5858765 0.8109741 0.41046143 3.9524536 0.45367432 3.371338 0.5210571 0.3569336 0.44329834 3.770691 0.8617554 0.0904541 0.0041503906 3.6881104 3.067566 0.18267822 0.7407837 3.9968872 0.6583252 3.8666992 
3.9381714 0.5932007 3.8721924 3.2075195 3.5858765 0.8109741 0.41046143 3.9524536 0.45367432 3.371338 0.5210571 0.3569336 0.44329834 3.770691 0.8617554 0.09039307 0.0041503906 3.6881104 3.067566 0.18267822 0.7407837 3.9968872 0.6583252 3.8666992 
3.9381714 0.59295654 3.8721313 3.2073364 3.5859375 0.8109741 0.4105835 3.9524536 0.45367432 3.371338 0.5210571 0.3569336 0.4432373 3.770752 0.86187744 0.090148926 0.004211426 3.6881104 3.067566 0.18267822 0.7408447 3.9969482 0.65826416 3.8667603 
3.9381714 0.59295654 3.8721313 3.2073364 3.5859375 0.8109741 0.4105835 3.9524536 0.45367432 3.371338 0.5210571 0.3569336 0.4432373 3.770752 0.86187744 0.09020996 0.004211426 3.6881104 3.067566 0.18267822 0.7408447 3.9969482 0.65826416 3.8667603 
3.9381714 0.5928955 3.8721313 3.2073364 3.5859375 0.8109741 0.4105835 3.9524536 0.45367432 3.371338 0.52111816 0.3569336 0.4432373 3.770752 0.86187744 0.09020996 0.004211426 3.6881104 3.067566 0.18267822 0.7408447 3.9969482 0.65826416 3.8667603 
3.9381714 0.5928955 3.8721313 3.2073364 3.5859375 0.8109741 0.4105835 3.9524536 0.45367432 3.371338 0.52111816 0.3569336 0.4432373 3.770752 0.86187744 0.09020996 0.004211426 3.6881104 3.067566 0.18267822 0.7408447 3.9969482 0.65826416 3.8667603 
3.9381714 0.5928955 3.8721313 3.2073364 3.5859375 0.8109741 0.4105835 3.9524536 0.45367432 3.371338 0.52111816 0.3569336 0.4432373 3.770813 0.8618164 0.09020996 0.004211426 3.6881104 3.067566 0.18267822 0.7408447 3.9968872 0.65826416 3.8667603 
3.9381714 0.5928955 3.8721313 3.2073364 3.5859375 0.8109741 0.4105835 3.9525146 0.45367432 3.371338 0.52111816 0.35687256 0.4432373 3.770813 0.8618164 0.09020996 0.004211426 3.6881104 3.067566 0.18267822 0.7408447 3.9968872 0.65826416 3.8667603 
3.9381714 0.5928345 3.8721313 3.2072754 3.5859375 0.8109741 0.4105835 3.9525146 0.45367432 3.371338 0.52111816 0.3569336 0.44329834 3.770813 0.8618164 0.090270996 0.004211426 3.6881104 3.067566 0.18267822 0.7407837 3.9968872 0.6583252 3.8666992 
3.9381714 0.5928345 3.8721313 3.2072754 3.5859375 0.8109741 0.4105835 3.9525146 0.45367432 3.371338 0.52111816 0.3569336 0.44329834 3.770813 0.8618164 0.090270996 0.004211426 3.6881104 3.067566 0.18267822 0.7407837 3.9968872 0.6583252 3.8666992 
3.9382324 0.5928345 3.8721313 3.2072754 3.5859985 0.8109741 0.4105835 3.9525146 0.45367432 3.371338 0.5210571 0.3569336 0.44329834 3.770813 0.8618164 0.09033203 0.004211426 3.6881104 3.067566 0.18267822 0.7407837 3.9968872 0.6583252 3.8666992 
3.9382324 0.5928345 3.8721313 3.2072754 3.5859985 0.8109741 0.4105835 3.9525146 0.45367432 3.3712769 0.5210571 0.3569336 0.44335938 3.770813 0.8618164 0.09033203 0.004211426 3.6881104 3.067566 0.18273926 0.7407837 3.9968872 0.6583252 3.8666992 
3.9382324 0.5928345 3.8721313 3.2072754 3.5859985 0.8109741 0.4105835 3.9525146 0.45367432 3.371338 0.5210571 0.3569336 0.44335938 3.770752 0.8617554 0.09039307 0.004211426 3.6881104 3.067566 0.18273926 0.7407837 3.9968872 0.6583252 3.8666992 
3.9382324 0.5928345 3.8721313 3.2072754 3.5859985 0.8109741 0.4105835 3.9525146 0.45367432 3.371338 0.5210571 0.3569336 0.4434204 3.770813 0.8617554 0.09039307 0.004211426 3.6881104 3.067566 0.18267822 0.7407837 3.9968872 0.65826416 3.8666992 
3.9381714 0.5928345 3.8721313 3.2072754 3.5859985 0.81103516 0.4105835 3.9525146 0.45367432 3.371338 0.52111816 0.3569336 0.4434204 3.770813 0.8617554 0.0904541 0.004211426 3.6881104 3.067566 0.18267822 0.7408447 3.9968872 0.65826416 3.8666992 
3.9381714 0.5928345 3.8721313 3.2072754 3.5860596 0.81103516 0.4105835 3.9525146 0.45367432 3.371338 0.52111816 0.3569336 0.4434204 3.770813 0.8617554 0.0904541 0.004211426 3.6881104 3.067566 0.18267822 0.7408447 3.9968872 0.65826416 3.8666992 
3.9381714 0.5928345 3.8721313 3.2072754 3.5860596 0.81103516 0.4105835 3.9525757 0.45367432 3.371338 0.52111816 0.3569336 0.4434204 3.770813 0.8617554 0.0904541 0.004211426 3.6881104 3.067566 0.18267822 0.7407837 3.9968872 0.6583252 3.8666992 
3.9381714 0.5928345 3.8721313 3.2072754 3.5861206 0.8110962 0.4105835 3.9526367 0.45367432 3.371338 0.52111816 0.3569336 0.44348145 3.770813 0.86169434 0.0904541 0.004211426 3.6881104 3.067566 0.18267822 0.7407837 3.9968872 0.6583252 3.8666992 
3.9381714 0.5928345 3.8721313 3.2072754 3.5861816 0.8110962 0.4105835 3.9526367 0.45367432 3.371338 0.52111816 0.3569336 0.44348145 3.770813 0.86169434 0.09051514 0.004211426 3.6881104 3.067627 0.18273926 0.7407837 3.9968872 0.6583252 3.8666992 
3.9381714 0.59277344 3.8721313 3.2072754 3.5860596 0.81103516 0.4105835 3.9525757 0.45367432 3.371338 0.52111816 0.3569336 0.44348145 3.770813 0.86169434 0.09051514 0.004211426 3.6881104 3.067627 0.18267822 0.7407837 3.9968872 0.6583252 3.8666992 
3.9381714 0.59277344 3.8721313 3.2072144 3.5860596 0.81103516 0.4105835 3.9525146 0.45367432 3.371338 0.5210571 0.3569336 0.44348145 3.770813 0.86169434 0.09051514 0.004211426 3.6881104 3.067627 0.18267822 0.7407837 3.9968872 0.6583252 3.8666992 
3.9381714 0.59277344 3.8721313 3.2072144 3.5859985 0.81103516 0.4105835 3.9524536 0.45367432 3.371338 0.5210571 0.3569336 0.44354248 3.770813 0.86169434 0.09057617 0.004211426 3.6880493 3.067627 0.18273926 0.7407837 3.9968872 0.6583252 3.8666992 
3.9381714 0.59277344 3.8721313 3.2072144 3.5859985 0.8109741 0.4105835 3.9524536 0.45367432 3.371338 0.5210571 0.3569336 0.44354248 3.770813 0.8616333 0.09057617 0.004211426 3.6880493 3.067627 0.18273926 0.7407837 3.9968872 0.6583252 3.8666992 
3.9381714 0.59277344 3.8721313 3.2072144 3.5859985 0.8109741 0.4105835 3.9524536 0.45367432 3.371338 0.52111816 0.3569336 0.44360352 3.770813 0.8616333 0.09063721 0.004211426 3.6880493 3.067627 0.18273926 0.7407837 3.9968872 0.6583252 3.8666992 
3.9381714 0.59277344 3.8721313 3.2072754 3.5860596 0.81103516 0.4105835 3.9525146 0.45361328 3.371338 0.52111816 0.3569336 0.44360352 3.770813 0.8616333 0.09063721 0.004211426 3.6880493 3.067627 0.18273926 0.7407837 3.9968872 0.6583252 3.8666992 
3.9381714 0.59277344 3.8721313 3.2072754 3.5861206 0.81103516 0.4105835 3.9525146 0.45361328 3.371338 0.52111816 0.3569336 0.44360352 3.770813 0.8616333 0.09063721 0.004211426 3.6880493 3.067627 0.18273926 0.7407837 3.9968872 0.6583252 3.8666992 
3.9381714 0.59277344 3.8721313 3.2072754 3.5861206 0.8110962 0.4105835 3.9525757 0.45361328 3.371338 0.52111816 0.3569336 0.44366455 3.770813 0.86157227 0.09069824 0.004211426 3.6880493 3.067627 0.18273926 0.7407837 3.9968872 0.6583252 3.8666992 
3.9381714 0.5928345 3.8720703 3.2072754 3.5861816 0.8110962 0.41064453 3.9525757 0.45361328 3.371338 0.52111816 0.3569336 0.44366455 3.770813 0.86157227 0.09069824 0.004211426 3.6880493 3.067627 0.18273926 0.7407837 3.9968872 0.6583252 3.8666992 
3.9381714 0.5928345 3.8720703 3.2072754 3.5861816 0.8110962 0.41064453 3.9525757 0.45361328 3.371338 0.52111816 0.3569336 0.4437256 3.770813 0.86157227 0.09069824 0.004211426 3.6880493 3.067627 0.18273926 0.7407837 3.9968872 0.6583252 3.8666992 
3.9381714 0.5928345 3.8720703 3.2072754 3.5861206 0.81103516 0.4105835 3.9525146 0.45361328 3.371338 0.52111816 0.3569336 0.4437256 3.770813 0.86157227 0.09069824 0.0041503906 3.6880493 3.067627 0.18273926 0.7407837 3.9968872 0.6583252 3.8666992 
3.9382324 0.5928345 3.8720703 3.2072754 3.5860596 0.81103516 0.4105835 3.9525146 0.45361328 3.371338 0.52111816 0.3569336 0.4437256 3.770813 0.86157227 0.09075928 0.0041503906 3.6880493 3.067627 0.18273926 0.7407837 3.9968872 0.6583252 3.8666992 
3.9382324 0.5928955 3.8720703 3.2073364 3.5860596 0.81103516 0.4105835 3.9524536 0.45361328 3.371338 0.52111816 0.3569336 0.4437256 3.770813 0.86151123 0.09075928 0.0041503906 3.6880493 3.067627 0.18273926 0.7407837 3.9968872 0.6583252 3.8666992 
3.9382324 0.5932617 3.8719482 3.2076416 3.5861206 0.81103516 0.41064453 3.9524536 0.45361328 3.371399 0.5211792 0.35699463 0.44378662 3.770874 0.86151123 0.09088135 0.004211426 3.6880493 3.067627 0.18273926 0.7408447 3.9968872 0.65826416 3.8666992 
3.9382324 0.5932617 3.8719482 3.2076416 3.5861206 0.81103516 0.41064453 3.9525146 0.45355225 3.371338 0.5211792 0.35699463 0.44378662 3.770874 0.86151123 0.09088135 0.004211426 3.6880493 3.067627 0.18273926 0.7408447 3.9969482 0.65826416 3.8666992 
3.9382935 0.5932617 3.8719482 3.2076416 3.5861816 0.81103516 0.41064453 3.9525146 0.45355225 3.371338 0.5211792 0.35699463 0.4437256 3.770874 0.86157227 0.09082031 0.004211426 3.6880493 3.067627 0.18273926 0.7408447 3.9969482 0.65826416 3.8666992 
3.9382935 0.59332275 3.8719482 3.2076416 3.5861816 0.8110962 0.41064453 3.9525146 0.45355225 3.371338 0.5211792 0.35699463 0.4437256 3.770874 0.86157227 0.09082031 0.004211426 3.6880493 3.067627 0.18273926 0.7408447 3.9969482 0.65826416 3.8666992 
3.9382935 0.59332275 3.8719482 3.2076416 3.5861816 0.81103516 0.41064453 3.9525146 0.45355225 3.371338 0.5211792 0.35699463 0.4437256 3.770874 0.86157227 0.09082031 0.004211426 3.6880493 3.067627 0.18273926 0.7408447 3.9969482 0.65826416 3.8666992 
3.9382935 0.59332275 3.8719482 3.2077026 3.5861816 0.81103516 0.41064453 3.9525757 0.45355225 3.371338 0.5211792 0.35699463 0.4437256 3.770813 0.86157227 0.09082031 0.004211426 3.6880493 3.067627 0.1828003 0.7408447 3.9969482 0.65826416 3.8666992 
3.9382935 0.59332275 3.8719482 3.2077026 3.5861816 0.8110962 0.41064453 3.9525146 0.45355225 3.371399 0.5211792 0.35699463 0.4437256 3.770813 0.86157227 0.09082031 0.004211426 3.6880493 3.067627 0.18273926 0.7408447 3.9969482 0.65826416 3.8666992 
3.9382935 0.5933838 3.8719482 3.2077026 3.5861816 0.81103516 0.41064453 3.9525146 0.45355225 3.371399 0.5211792 0.35699463 0.4437256 3.770813 0.86157227 0.09082031 0.004211426 3.6880493 3.067627 0.18273926 0.7408447 3.9969482 0.65826416 3.8666992 
3.9382935 0.5933838 3.8719482 3.2077026 3.5861206 0.81103516 0.41064453 3.9525146 0.45355225 3.371399 0.5211792 0.35699463 0.4437256 3.770813 0.86157227 0.09082031 0.004211426 3.6880493 3.067627 0.1828003 0.7408447 3.9969482 0.65826416 3.8666992 
3.9382935 0.5933838 3.8719482 3.2077026 3.5861816 0.8110962 0.41064453 3.9525146 0.45355225 3.371399 0.5211792 0.35699463 0.4437256 3.770813 0.86157227 0.09082031 0.004211426 3.6880493 3.067627 0.1828003 0.7408447 3.9969482 0.65826416 3.8666992 
3.9382935 0.5933838 3.8719482 3.2077026 3.5861816 0.81103516 0.41064453 3.9525146 0.45355225 3.371399 0.5211792 0.35699463 0.4437256 3.770813 0.86157227 0.09075928 0.004211426 3.6880493 3.067627 0.1828003 0.7407837 3.9969482 0.65826416 3.8666992 
3.9382935 0.5934448 3.8718872 3.2077637 3.5861816 0.81103516 0.41064453 3.9525757 0.45355225 3.371399 0.5211792 0.35699463 0.44366455 3.770813 0.86157227 0.09069824 0.004272461 3.6880493 3.067627 0.1828003 0.7408447 3.9969482 0.65826416 3.8666992 
3.9382935 0.5934448 3.8718872 3.2077637 3.5861816 0.8110962 0.41064453 3.9525757 0.45355225 3.371399 0.5211792 0.35699463 0.44366455 3.770813 0.86157227 0.09069824 0.004272461 3.6880493 3.067627 0.1828003 0.7408447 3.9969482 0.65826416 3.8666992 
3.9383545 0.5934448 3.8718872 3.2077637 3.5861816 0.81103516 0.41064453 3.9525757 0.45355225 3.371399 0.5211792 0.35699463 0.44360352 3.770813 0.8616333 0.09069824 0.004272461 3.6880493 3.067627 0.18273926 0.7408447 3.9969482 0.65826416 3.8666992 
3.9383545 0.59350586 3.8718872 3.2077637 3.5861816 0.81103516 0.41064453 3.9525146 0.45355225 3.371399 0.5211792 0.35699463 0.44360352 3.770813 0.8616333 0.09069824 0.004272461 3.6880493 3.067627 0.18273926 0.7408447 3.9969482 0.65826416 3.8666992 
3.9383545 0.59350586 3.8718872 3.2078247 3.5862427 0.8110962 0.41070557 3.9525757 0.45355225 3.371399 0.5211792 0.35699463 0.44360352 3.770813 0.8616333 0.09063721 0.004272461 3.6880493 3.067627 0.18273926 0.7408447 3.9969482 0.65826416 3.8666992 
3.9383545 0.59350586 3.8718872 3.2078247 3.5862427 0.8110962 0.41070557 3.9525757 0.45355225 3.371399 0.5211792 0.35699463 0.44360352 3.770813 0.8616333 0.09063721 0.004272461 3.6880493 3.067627 0.18273926 0.7408447 3.9969482 0.65826416 3.8666992 
3.9383545 0.59350586 3.8718872 3.2078247 3.5862427 0.8110962 0.41070557 3.9525757 0.45355225 3.371399 0.5211792 0.35705566 0.44354248 3.770813 0.8616333 0.09057617 0.004272461 3.6880493 3.067627 0.18273926 0.7408447 3.9969482 0.65826416 3.8666992 
3.9383545 0.59350586 3.8718872 3.2078247 3.5862427 0.8110962 0.41070557 3.9525757 0.45355225 3.371399 0.5211792 0.35705566 0.44354248 3.770813 0.86169434 0.09051514 0.004272461 3.6879883 3.067627 0.1828003 0.7408447 3.9969482 0.65826416 3.8666992 
3.9383545 0.59350586 3.8718872 3.2077637 3.5862427 0.81103516 0.41070557 3.9525757 0.45355225 3.371399 0.52124023 0.35705566 0.44354248 3.770813 0.86169434 0.09051514 0.004272461 3.6879883 3.067627 0.1828003 0.7408447 3.9969482 0.65826416 3.8666992 
3.9383545 0.5934448 3.8718872 3.2077637 3.5861816 0.81103516 0.41070557 3.9525757 0.4534912 3.371399 0.52124023 0.35699463 0.44348145 3.770813 0.86169434 0.0904541 0.004272461 3.6879883 3.067627 0.1828003 0.7408447 3.9969482 0.65826416 3.8666992 
3.9383545 0.5934448 3.8718872 3.9849243 3.5861816 0.81103516 0.41070557 3.9525757 0.4534912 3.371399 0.52124023 0.35699463 0.44348145 3.770813 0.86169434 0.0904541 0.004272461 3.6879883 3.067627 0.1828003 0.7408447 3.9969482 0.65826416 3.8666992 
3.9382935 0.5930786 3.8719482 3.2075195 3.5862427 0.81103516 0.41070557 3.9525757 0.45343018 3.371399 0.52130127 0.35699463 0.44354248 3.770813 0.86169434 3.9989014 0.004272461 3.6879883 3.067627 0.1828003 0.7408447 3.9969482 0.65826416 3.8666992 
3.9382935 0.5930786 3.8719482 3.2074585 3.5862427 0.81103516 0.4107666 3.9525757 0.45343018 3.371399 0.52130127 0.35705566 0.44378662 3.770874 0.86151123 0.09069824 0.004272461 3.6879883 3.067627 0.1828003 0.7408447 3.9969482 0.65826416 3.8666992 
3.9382935 0.5930176 3.8719482 3.2074585 3.5862427 0.81103516 0.41070557 3.9525757 0.45343018 3.371399 0.52130127 0.35705566 0.44384766 3.770874 0.86151123 0.09075928 0.004272461 3.6879883 3.067627 0.1828003 0.7408447 3.9969482 0.65826416 3.8666382 
3.9382935 0.5930176 3.8719482 3.2074585 3.5863037 0.8110962 0.4107666 3.9526367 0.45343018 3.37146 0.52130127 0.35705566 0.4439087 3.770874 0.8614502 0.09082031 0.004272461 3.6879883 3.067627 0.1828003 0.7408447 3.9969482 0.6582031 3.8666382 
3.9382935 0.5930176 3.8719482 3.2074585 3.5863647 0.8110962 0.4107666 3.9526367 0.45343018 3.37146 0.52130127 0.35705566 0.4439087 3.770874 0.8614502 0.09082031 0.004272461 3.6879883 3.067627 0.1828003 0.7408447 3.9969482 0.6582031 3.8666382 
3.9382935 0.5930176 3.8719482 3.2074585 3.5863647 0.8110962 0.4107666 3.9526367 0.45343018 3.37146 0.5213623 0.35705566 0.4439087 3.770874 0.8614502 0.09088135 0.004272461 3.6879883 3.067627 0.1828003 0.7408447 3.9969482 0.6582031 3.8666382 
3.9382935 0.5930176 3.8719482 3.2074585 3.5863037 0.8110962 0.4107666 3.9526367 0.45343018 3.37146 0.5213623 0.35705566 0.4439087 3.770874 0.8614502 0.09088135 0.004272461 3.6879883 3.067627 0.1828003 0.7408447 3.9969482 0.6582031 3.8666382 
3.9382935 0.5930176 3.8719482 3.2074585 3.5863647 0.8110962 0.4107666 3.9526978 0.45343018 3.37146 0.52130127 0.35705566 0.44396973 3.770874 0.8614502 0.09088135 0.004272461 3.6879883 3.067627 0.1828003 0.7408447 3.9969482 0.6582031 3.8666382 
3.9382935 0.5930176 3.8719482 3.2074585 3.5863647 0.8110962 0.4107666 3.9526978 0.45343018 3.37146 0.5213623 0.35705566 0.44396973 3.770874 0.8614502 0.09094238 0.004272461 3.6879883 3.067627 0.1828003 0.7408447 3.9969482 0.6582031 3.8666382 
3.9382935 0.5930176 3.8719482 3.2074585 3.5863647 0.8110962 0.4107666 3.9526978 0.45343018 3.37146 0.5213623 0.35705566 0.44396973 3.770874 0.8614502 0.09094238 0.004272461 3.6879883 3.067627 0.1828003 0.7408447 3.9969482 0.6582031 3.8666382 
3.9382935 0.5930176 3.8719482 3.2074585 3.5863647 0.8110962 0.4107666 3.9526978 0.45343018 3.37146 0.5213623 0.35705566 0.44396973 3.770874 0.86138916 0.09094238 0.004272461 3.6879883 3.067627 0.18286133 0.7408447 3.9969482 0.6582031 3.8666382 
3.9382935 0.5930176 3.8718872 3.2074585 3.5863647 0.8110962 0.4107666 3.9526978 0.45343018 3.371521 0.5213623 0.35705566 0.44403076 3.770874 0.86138916 0.09094238 0.004272461 3.6879883 3.067627 0.18286133 0.7408447 3.9969482 0.6582031 3.8666382 
3.9382935 0.5930176 3.8718872 3.2074585 3.5863647 0.8110962 0.4107666 3.9526978 0.45343018 3.37146 0.5213623 0.35705566 0.44403076 3.770874 0.86138916 0.09100342 0.004272461 3.6879883 3.067627 0.18286133 0.7408447 3.9969482 0.65826416 3.8665771 
3.9382935 0.5930786 3.8718872 3.2074585 3.5863647 0.8110962 0.4107666 3.9526978 0.45343018 3.37146 0.5213623 0.35705566 0.44403076 3.770874 0.86138916 0.09100342 0.004272461 3.6879883 3.067688 0.18286133 0.7408447 3.9969482 0.65826416 3.8665771 
3.9382935 0.5930786 3.8718872 3.2074585 3.5864258 0.8110962 0.4107666 3.9526978 0.45343018 3.37146 0.5213623 0.35705566 0.44403076 3.770874 0.86138916 0.09100342 0.004272461 3.6879883 3.067688 0.18286133 0.7408447 3.9969482 0.65826416 3.8666382 
3.9382935 0.5930786 3.8718872 3.2074585 3.5864258 0.8111572 0.4107666 3.9527588 0.45336914 3.37146 0.5213623 0.35705566 0.44403076 3.770935 0.86138916 0.09100342 0.004272461 3.6879883 3.067688 0.18286133 0.7408447 3.9969482 0.65826416 3.8666382 
3.9382935 0.5930786 3.8718872 3.2074585 3.5864868 0.8111572 0.41082764 3.9527588 0.45336914 3.37146 0.5213623 0.35705566 0.44403076 3.770874 0.86138916 0.09100342 0.004272461 3.6879883 3.067688 0.18286133 0.7408447 3.9969482 0.65826416 3.8666382 
3.9382935 0.5930786 3.8718872 3.2074585 3.5864868 0.8111572 0.41082764 3.9528198 0.45336914 3.37146 0.5213623 0.35705566 0.44403076 3.770874 0.86138916 0.09106445 0.004272461 3.6879883 3.067688 0.18286133 0.7408447 3.9969482 0.65826416 3.8666382 
3.9382935 0.5930786 3.8718872 3.2075195 3.5864868 0.8111572 0.41082764 3.9528198 0.45336914 3.37146 0.5213623 0.35705566 0.4440918 3.770874 0.86138916 0.09106445 0.004272461 3.6879883 3.067688 0.18286133 0.7408447 3.9969482 0.65826416 3.8666382 
3.9382935 0.5930786 3.8718872 3.2075195 3.5864868 0.8111572 0.41082764 3.9528198 0.45336914 3.37146 0.5213623 0.35705566 0.4440918 3.770874 0.86138916 0.09106445 0.004272461 3.6879883 3.067688 0.18286133 0.7408447 3.9969482 0.65826416 3.8665771 
3.9382935 0.59313965 3.8718872 3.2075195 3.5864868 0.8111572 0.41082764 3.9527588 0.45336914 3.37146 0.5213623 0.35705566 0.4440918 3.770874 0.8613281 0.09106445 0.004272461 3.6879883 3.067688 0.18286133 0.7408447 3.9969482 0.65826416 3.8665771 
3.9382935 0.59313965 3.8718872 3.2075195 3.5864868 0.8111572 0.41082764 3.9528198 0.45336914 3.37146 0.52142334 0.35705566 0.4440918 3.770874 0.8613281 0.09106445 0.004272461 3.6879883 3.067688 0.18286133 0.7408447 3.9969482 0.65826416 3.8665771 
3.9384155 0.5935669 3.8718262 3.2078857 3.58667 0.81121826 0.41088867 3.9528198 0.45324707 3.371399 0.52142334 0.35705566 0.44384766 3.770874 0.86151123 0.09075928 0.004272461 3.6879272 3.067688 0.18286133 0.7408447 3.9969482 0.6582031 3.866516 
3.9384155 0.5935669 3.8718262 3.2078857 3.586609 0.81121826 0.41088867 3.9528198 0.45324707 3.371399 0.52142334 0.35705566 0.44378662 3.770813 0.86151123 0.09069824 0.004272461 3.6879272 3.067688 0.18286133 0.7408447 3.9969482 0.6582031 3.866516 
3.9384155 0.5935669 3.8718262 3.2078857 3.586609 0.81121826 0.41082764 3.9528198 0.45324707 3.371399 0.52142334 0.35705566 0.44378662 3.770813 0.86151123 0.09069824 0.004272461 3.6879272 3.067688 0.18286133 0.7408447 3.9969482 0.6582031 3.866516 
3.9384155 0.5935669 3.8718262 3.2078857 3.586609 0.81121826 0.41082764 3.9528198 0.45324707 3.371399 0.52142334 0.3571167 0.44378662 3.770813 0.86151123 0.09069824 0.004272461 3.6879272 3.067688 0.18286133 0.7408447 3.9969482 0.6582031 3.866516 
3.9384155 0.5935669 3.8718262 3.2078857 3.586609 0.8111572 0.41082764 3.9527588 0.45324707 3.371399 0.52142334 0.3571167 0.44378662 3.770813 0.86151123 0.09069824 0.004272461 3.6879272 3.067688 0.18286133 0.7408447 3.9969482 0.6582031 3.8665771 
3.9384155 0.5936279 3.8718262 3.2078857 3.586609 0.8111572 0.41082764 3.9527588 0.45324707 3.371399 0.52142334 0.3571167 0.44378662 3.770813 0.86151123 0.09069824 0.004272461 3.6879272 3.067688 0.18286133 0.7408447 3.9969482 0.6582031 3.866516 
3.9384155 0.5936279 3.8718262 3.2078857 3.586609 0.81121826 0.41082764 3.9527588 0.45324707 3.371399 0.52142334 0.35705566 0.44378662 3.770874 0.86151123 0.09069824 0.004272461 3.6879272 3.067688 0.18286133 0.7408447 3.9969482 0.6582031 3.866516 
3.9384155 0.5935669 3.8718262 3.2078857 3.586609 0.81121826 0.41082764 3.9528198 0.45324707 3.371399 0.52142334 0.35705566 0.44378662 3.770874 0.86151123 0.09069824 0.004272461 3.6879272 3.067688 0.18286133 0.7408447 3.9969482 0.6582031 3.866516 
3.9384155 0.5935669 3.8718262 3.2078857 3.586609 0.81121826 0.41082764 3.9528198 0.45324707 3.371399 0.5214844 0.35705566 0.44378662 3.770874 0.86157227 0.09069824 0.004272461 3.6879272 3.067688 0.18286133 0.7408447 3.9969482 0.6582031 3.866516 
3.9384155 0.59350586 3.8718262 3.2078247 3.58667 0.81121826 0.41088867 3.9528809 0.45318604 3.371399 0.5214844 0.35705566 0.44378662 3.770813 0.86157227 0.09063721 0.004272461 3.6879272 3.067688 0.18292236 0.74090576 3.9970093 0.6581421 3.866516 
3.9384155 0.5934448 3.8718262 3.2077637 3.58667 0.81121826 0.41088867 3.9528809 0.45318604 3.371399 0.5214844 0.35705566 0.44378662 3.770813 0.86157227 0.09063721 0.004272461 3.6879272 3.067688 0.18292236 0.7409668 3.9970093 0.6581421 3.866516 
3.9384155 0.5934448 3.8718262 3.2077637 3.58667 0.81121826 0.41088867 3.9528809 0.45318604 3.371399 0.5214844 0.35705566 0.44378662 3.770813 0.86151123 0.09063721 0.004272461 3.6879272 3.067688 0.18292236 0.7409668 3.9970093 0.6581421 3.866516 
3.9384155 0.5934448 3.8718262 3.2077637 3.58667 0.81121826 0.41088867 3.9528809 0.45318604 3.371399 0.5214844 0.35705566 0.44378662 3.770813 0.86151123 0.09063721 0.004272461 3.6879272 3.067688 0.18292236 0.74090576 3.9970093 0.6581421 3.866516 
3.9384155 0.5934448 3.8718262 3.2077637 3.586731 0.81121826 0.41088867 3.9528809 0.45318604 3.371399 0.5214844 0.35705566 0.44378662 3.770813 0.86151123 0.09069824 0.004272461 3.6879272 3.067688 0.18292236 0.74090576 3.9970093 0.6581421 3.866516 
3.9384155 0.5934448 3.8718262 3.2077637 3.58667 0.81121826 0.41088867 3.9528809 0.45318604 3.371399 0.5214844 0.35705566 0.44378662 3.770813 0.86151123 0.09069824 0.004272461 3.6879272 3.067688 0.18292236 0.74090576 3.9970093 0.6581421 3.866516 
3.9383545 0.5933838 3.8718262 3.2077637 3.58667 0.81121826 0.41088867 3.9528809 0.45318604 3.371399 0.5214844 0.35705566 0.44378662 3.770813 0.86151123 0.09069824 0.004272461 3.6879272 3.067688 0.18292236 0.74090576 3.9970093 0.6581421 3.866516 
3.9383545 0.5933838 3.8718262 3.2077637 3.58667 0.81121826 0.41088867 3.9528809 0.45318604 3.371399 0.5215454 0.35705566 0.44378662 3.770813 0.86151123 0.09069824 0.004272461 3.6879272 3.067688 0.18292236 0.74090576 3.9970093 0.6581421 3.866516 
3.9383545 0.5933838 3.8718872 3.2077026 3.58667 0.81121826 0.41088867 3.9528809 0.45318604 3.371399 0.5214844 0.35705566 0.44384766 3.770813 0.86151123 0.09069824 0.004272461 3.6879272 3.067688 0.18292236 0.74090576 3.9970093 0.6581421 3.866516 
3.9384155 0.5933838 3.8718872 3.2077026 3.58667 0.81121826 0.41088867 3.9528809 0.45318604 3.371399 0.5214844 0.35705566 0.44384766 3.770874 0.86151123 0.09069824 0.004272461 3.6879272 3.067688 0.18292236 0.74090576 3.9970093 0.6581421 3.866516 
3.9383545 0.59332275 3.8718872 3.2077026 3.58667 0.81121826 0.41088867 3.9528809 0.45318604 3.371399 0.5214844 0.35705566 0.44384766 3.770874 0.86151123 0.09075928 0.004272461 3.6878662 3.067688 0.1829834 0.74090576 3.9970093 0.6581421 3.866516 
3.9383545 0.59332275 3.8718872 3.2077026 3.58667 0.81121826 0.41088867 3.9528809 0.45318604 3.371399 0.5214844 0.35705566 0.44384766 3.770874 0.86151123 0.09075928 0.004272461 3.6878662 3.067688 0.1829834 0.74090576 3.9970093 0.6581421 3.866516 
3.9383545 0.59332275 3.8718872 3.2076416 3.586731 0.81121826 0.41088867 3.952942 0.45318604 3.371399 0.5214844 0.35705566 0.4439087 3.770874 0.86151123 0.09075928 0.004272461 3.6878662 3.067688 0.1829834 0.74090576 3.9970093 0.6581421 3.866516 
3.9383545 0.5932617 3.8718872 3.2076416 3.58667 0.81121826 0.41088867 3.952942 0.45318604 3.37146 0.5215454 0.35705566 0.4439087 3.770874 0.8614502 0.09082031 0.004272461 3.6878662 3.067688 0.1829834 0.74090576 3.9970093 0.6581421 3.866516 
3.9383545 0.5932007 3.8718262 3.2075806 3.58667 0.81121826 0.41088867 3.9528809 0.45318604 3.37146 0.5215454 0.3571167 0.44396973 3.770874 0.8614502 0.09088135 0.004272461 3.6878662 3.067688 0.1829834 0.74090576 3.9970093 0.6581421 3.866516 
3.9383545 0.5932617 3.8718262 3.2076416 3.58667 0.81121826 0.41088867 3.9528809 0.45318604 3.37146 0.5215454 0.3571167 0.4442749 3.770874 0.8612671 0.09124756 0.004272461 3.6878662 3.067688 0.1829834 0.74090576 3.9970093 0.6581421 3.866516 
3.9383545 0.5932617 3.8718262 3.2076416 3.58667 0.81121826 0.41088867 3.9528809 0.45318604 3.37146 0.5215454 0.35705566 0.4442749 3.770874 0.8612671 0.09124756 0.004272461 3.6878662 3.067688 0.1829834 0.74090576 3.9970093 0.6582031 3.866516 
3.9383545 0.59332275 3.8718262 3.2077026 3.586914 0.8112793 0.41101074 3.952942 0.45318604 3.37146 0.5215454 0.3571167 0.4442749 3.770874 0.8612671 0.09124756 0.004272461 3.6878662 3.067688 0.1829834 0.7408447 3.9970703 0.6582031 3.866516 
3.9383545 0.59332275 3.8718262 3.2077026 3.586914 0.8112793 0.41101074 3.952942 0.45318604 3.37146 0.5215454 0.3571167 0.4442749 3.770874 0.8612671 0.09118652 0.004272461 3.6878662 3.067749 0.1829834 0.7408447 3.9970703 0.6582031 3.866516 
3.9383545 0.59332275 3.8718262 3.2077026 3.586914 0.8112793 0.41101074 3.952942 0.45318604 3.37146 0.5215454 0.3571167 0.4442749 3.770874 0.8612671 0.09118652 0.004272461 3.6878662 3.067688 0.1829834 0.7408447 3.9970703 0.6582031 3.866516 
3.9383545 0.59332275 3.8718262 3.2077026 3.586914 0.8112793 0.41101074 3.953003 0.45318604 3.37146 0.5215454 0.3571167 0.4442749 3.770874 0.8612671 0.09118652 0.004272461 3.6878662 3.067688 0.1829834 0.7408447 3.9970703 0.6582031 3.866516 
3.9383545 0.5933838 3.8718262 3.2077026 3.586914 0.8112793 0.41101074 3.953003 0.45318604 3.37146 0.5215454 0.3571167 0.4442749 3.770874 0.8612671 0.09118652 0.004272461 3.6878662 3.067749 0.1829834 0.7408447 3.9970703 0.6582031 3.866516 
3.9383545 0.5933838 3.8718262 3.2077026 3.586914 0.8112793 0.41101074 3.953003 0.453125 3.37146 0.5215454 0.3571167 0.4442749 3.770874 0.8612671 0.09118652 0.004272461 3.6878662 3.067749 0.1829834 0.7408447 3.9970093 0.6582031 3.866455 
3.9384155 0.5936279 3.8717651 3.2078857 3.586975 0.81134033 0.41101074 3.953003 0.453125 3.371521 0.52160645 0.35717773 0.4440918 3.770813 0.8613281 0.09100342 0.004272461 3.6878662 3.067749 0.1829834 0.74090576 3.9970703 0.6581421 3.866455 
3.9384155 0.5936279 3.8717651 3.2078857 3.586975 0.81134033 0.41101074 3.953064 0.453125 3.371521 0.52160645 0.35717773 0.4440918 3.770813 0.86138916 0.09094238 0.004272461 3.6878662 3.067749 0.1829834 0.74090576 3.9970703 0.6581421 3.866455 
3.9384155 0.5936279 3.8717651 3.2078857 3.5870361 0.81134033 0.41101074 3.953003 0.453125 3.371521 0.52160645 0.35717773 0.44403076 3.770813 0.86138916 0.09094238 0.004272461 3.6878662 3.067749 0.1829834 0.74090576 3.9970703 0.6581421 3.866455 
3.9384155 0.5936279 3.8717651 3.2078857 3.586975 0.81134033 0.41101074 3.953003 0.453125 3.371521 0.52160645 0.35717773 0.44403076 3.770813 0.86138916 0.09094238 0.004272461 3.6878662 3.067749 0.1829834 0.74090576 3.9970703 0.6581421 3.866455 
3.9384155 0.5936279 3.8717651 3.2078857 3.586975 0.81134033 0.41101074 3.953003 0.453125 3.371521 0.52160645 0.35717773 0.44403076 3.770813 0.86138916 0.09094238 0.004272461 3.6878662 3.067749 0.1829834 0.74090576 3.9970703 0.6581421 3.866455 
3.9384155 0.5935669 3.8717651 3.2078857 3.586975 0.81134033 0.41101074 3.953064 0.453125 3.371521 0.52160645 0.35717773 0.44403076 3.770813 0.86138916 0.09088135 0.004272461 3.6878662 3.067749 0.1829834 0.74090576 3.9970703 0.6581421 3.866455 
3.9384155 0.5935669 3.8717651 3.2078857 3.5870361 0.81134033 0.41101074 3.953064 0.453125 3.371521 0.52160645 0.35717773 0.44403076 3.770813 0.86138916 0.09088135 0.004272461 3.6878662 3.067749 0.1829834 0.74090576 3.9970703 0.6581421 3.866455 
3.9384155 0.5935669 3.8717651 3.2078857 3.5870361 0.81134033 0.41101074 3.953064 0.453125 3.371521 0.52160645 0.35717773 0.44403076 3.770813 0.86138916 0.09088135 0.004272461 3.6878662 3.067749 0.1829834 0.74090576 3.9970703 0.6581421 3.866455 
3.9384155 0.5936279 3.8717651 3.2078857 3.5870361 0.81134033 0.41101074 3.953064 0.453125 3.371521 0.52160645 0.35717773 0.44403076 3.770813 0.86138916 0.09088135 0.004272461 3.6878662 3.067749 0.18304443 0.74090576 3.9970703 0.6581421 3.866455 
3.9384155 0.5935669 3.8717651 3.2078857 3.5870361 0.81134033 0.41101074 3.953064 0.453125 3.371521 0.52160645 0.35717773 0.44403076 3.770813 0.86138916 0.09082031 0.004272461 3.6878662 3.067749 0.18304443 0.74090576 3.9970703 0.6581421 3.866455 
3.9384155 0.5935669 3.8717651 3.2078857 3.5870361 0.81134033 0.41101074 3.953064 0.453125 3.371521 0.52160645 0.35717773 0.44403076 3.770813 0.86138916 0.09082031 0.004272461 3.6878662 3.067749 0.18304443 0.74090576 3.9970703 0.6581421 3.866455 
